3943 total tunnels
-1 by assign
3943 by murtagh
c 7865 2.1100198702770623
8394 8539 11666 
c 7866 2.188225598520795
2245 2305 2468 4134 4203 4398 4422 4620 4765 4880 5136 5168 5249 5585 5639 5679 5766 5776 5826 5992 6018 6059 6207 6387 6427 6448 6490 6625 6724 6770 
c 7874 2.2847128935080807
22 64 67 79 101 103 105 127 145 149 156 195 241 329 366 381 419 455 530 551 564 600 627 705 722 750 784 798 833 871 880 889 907 923 961 981 1011 1029 1076 1095 1145 1152 1200 1206 1218 1227 1241 1265 1266 1276 1283 1288 1290 1296 1300 1309 1322 1326 1330 1335 1349 1354 1379 1389 1408 1429 1449 1463 1497 1516 1530 1540 1566 1627 1648 1697 1793 1865 1868 1901 1923 1958 1983 2002 2007 2041 2104 2146 2150 2194 2220 2259 2291 2334 2353 2366 2455 2496 2560 2574 2584 2610 2644 2693 2716 2721 2752 2779 2869 2890 2912 2936 3022 3062 3077 3140 3149 3177 3254 3360 3371 3389 3418 3419 3421 3455 3484 3492 3532 3567 3569 3590 3610 3635 3655 3679 3697 3704 3721 3732 3740 3752 3760 3787 3798 3818 3832 3843 3857 3871 3892 3901 3936 3949 3963 3978 3996 4001 4022 4044 4062 4088 4113 4133 4157 4164 4176 4189 4201 4210 4215 4226 4250 4263 4265 4275 4285 4304 4320 4326 4351 4357 4366 4380 4387 4392 4412 4435 4459 4477 4504 4528 4555 4560 4574 4583 4597 4604 4607 4614 4626 4646 4654 4667 4674 4682 4691 4696 4704 4707 4708 4712 4751 4769 4778 4821 4827 4861 4876 4902 4920 4934 4940 4949 4962 4986 4994 4998 5000 5030 5063 5072 5086 5106 5111 5159 5407 5423 5622 5664 5681 5736 5755 5804 5863 5908 5926 5945 5989 6013 6027 6056 6103 6142 6161 6215 6224 6268 6331 6360 6411 6422 6447 6510 6536 6566 6588 6641 6684 6710 6726 6760 6818 6825 6846 6884 6925 6963 6985 7016 7035 7055 7084 7105 7119 7134 7176 7198 7219 7241 7254 7296 7325 7357 7377 7406 7434 7449 7475 7499 7504 7526 7588 7606 7614 7659 7700 7719 7780 7798 7814 7864 7899 7921 7947 7996 8011 8032 8064 8116 8144 8171 8208 8231 8243 8277 8296 8331 8350 8379 8408 8456 8485 8493 8528 8575 8589 8646 8656 8684 8703 8744 8775 8785 8812 8832 8855 8880 8890 8921 8929 8957 8983 9000 9033 9059 9090 9096 9100 9129 9161 9181 9218 9244 9275 9305 9338 9363 9397 9418 9437 9471 9483 9520 9559 9570 9606 9628 9679 9692 9727 9753 9775 9789 9833 9846 9889 9902 9925 9956 9997 10000 10041 10047 10066 10089 10096 10113 10126 10143 10149 10170 10205 10225 10243 10264 10273 10299 10323 10352 10376 10394 10409 10433 10448 10469 10473 10496 10511 10553 10584 10613 10622 10643 10680 10685 10714 10737 10749 10775 10787 10801 10818 10849 10873 10903 10920 10945 10949 10975 10980 11002 11019 11031 11042 11073 11075 11090 11108 11136 11154 11175 11199 11222 11227 11231 11248 11268 11290 11318 11334 11345 11362 11378 11395 11407 11435 11454 11475 11520 11538 11547 11571 11580 11605 11629 11653 11660 11687 11694 11700 11725 11746 11761 11774 11804 11819 11833 11862 11881 11895 11907 11927 11951 11965 
c 7878 2.3073776396993217
4 26 61 83 187 210 222 284 304 339 344 370 417 469 499 512 556 575 603 628 702 733 749 845 905 934 963 999 1015 1038 1044 1082 1124 1182 1220 1247 1306 1311 1331 1342 1416 1477 1482 1487 1512 1527 1546 1557 1561 1580 1590 1605 1608 1624 1647 1653 1664 1676 1702 1706 1714 1726 1735 1745 1752 1756 1775 1788 1799 1806 1811 1818 1823 1827 1837 1863 1870 1888 1905 1912 1926 1936 1943 1966 1971 1981 1990 2005 2016 2023 2028 2049 2052 2071 2078 2114 2123 2140 2147 2179 2206 2223 2234 2250 2268 2283 2308 2350 2359 2379 2395 2405 2415 2426 2437 2449 2452 2470 2471 2480 2485 2491 2497 2503 2506 2539 2542 2558 2571 2578 2606 2618 2627 2642 2667 2684 2700 2725 2730 2742 2758 2787 2808 2820 2823 2828 2833 2838 2843 2865 2895 2908 2927 2931 2942 2954 2973 2974 2995 3043 3054 3075 3080 3091 3113 3124 3163 3169 3181 3191 3193 3200 3202 3210 3233 3244 3250 3256 3263 3270 3272 3290 3306 3316 3343 3352 3358 3374 3392 3393 3398 3405 3412 3426 3461 3475 3496 3515 3568 3579 3614 3625 3659 3681 3692 3710 3714 3729 3739 3755 3765 3782 3820 3826 3849 3864 3870 3886 3898 3917 3945 3964 3982 3985 4006 4020 4038 4063 4089 4100 4121 4150 4163 4175 4191 4213 4253 4279 4299 4308 4341 4355 4381 4386 4426 4431 4453 4479 4496 4500 4522 4539 4578 4594 4631 4638 4648 4660 4680 4692 4728 4737 4745 4762 4784 4789 4793 4798 4803 4806 4824 4834 4844 4907 4917 4954 4967 4971 4978 4985 4991 5005 5011 5018 5025 5035 5041 5050 5066 5076 5081 5088 5097 5108 5116 5134 5146 5150 5164 5172 5177 5186 5208 5223 5246 5290 5295 5311 5325 5340 5356 5366 5373 5393 5456 5510 5536 5551 5576 5611 5630 5701 5738 5754 5792 5828 5913 5923 5940 5955 6001 6046 6061 6084 6119 6171 6210 6243 6266 6302 6312 6364 6393 6424 6481 6494 6521 6561 6609 6640 6658 6715 6735 6766 6817 6831 6867 6891 6909 6971 6973 7014 7030 7049 7081 7091 7132 7140 7160 7200 7212 7232 7245 7270 7284 7320 7349 7381 7410 7431 7448 7467 7495 7515 7516 7539 7586 7608 7625 7647 7673 7753 7772 7792 7813 7851 7900 7927 7963 7999 8004 8046 8054 8122 8158 8164 8194 8206 8227 8245 8281 8305 8317 8329 8338 8360 8369 8375 8421 8458 8472 8488 8531 8544 8570 8586 8627 8643 8660 8680 8725 8732 8777 8787 8805 8817 8844 8864 8878 8888 8922 8941 8945 8971 8997 9031 9053 9083 9094 9117 9127 9154 9191 9215 9240 9282 9317 9334 9358 9393 9432 9455 9457 9477 9504 9507 9515 9558 9571 9618 9630 9685 9703 9726 9748 9769 9802 9825 9853 9862 9900 9920 9939 9982 10006 10020 10048 10063 10072 10090 10104 10114 10131 10141 10158 10181 10214 10234 10246 10270 10276 10313 10319 10340 10356 10379 10420 10425 10442 10457 10489 10504 10518 10551 10588 10602 10616 10648 10663 10706 10719 10724 10734 10759 10763 10796 10800 10832 10843 10863 10889 10905 10917 10943 10955 10964 10967 10982 11004 11012 11023 11052 11065 11076 11079 11095 11135 11139 11142 11144 11147 11169 11180 11192 11217 11225 11229 11259 11271 11288 11309 11313 11325 11329 11343 11360 11372 11391 11399 11417 11447 11459 11465 11479 11508 11519 11540 11550 11552 11560 11589 11600 11632 11644 11650 11658 11689 11692 11713 11722 11739 11771 11787 11797 11810 11838 11860 11878 11893 11912 11915 11937 11960 
c 7879 2.2179574644537112
4406 5207 5235 5262 5441 8433 8631 8765 8802 8840 8911 8954 9063 9212 9274 9277 9336 9416 9545 9639 9809 9872 10651 10767 10938 10989 
c 7861 2.0335450598391107
822 1100 1375 2178 9951 
