1567	748	0.023424912
2458	2447	0.039999645
521	1087	0.041064147
3471	2810	0.041775044
2861	1948	0.10454915
2458	2410	0.107723914
2164	3120	0.114909545
3658	3800	0.12599276
3064	2012	0.16934441
1034	1977	0.18986297
773	941	0.19305195
3345	2034	0.2071073
1118	2517	0.21591753
2057	2247	0.21942358
64	32	0.24127704
2911	2852	0.25429595
192	365	0.25528362
166	134	0.25685537
1010	628	0.2583923
3767	3506	0.26110873
3738	3485	0.26988336
1481	1071	0.27279988
370	191	0.2731909
98	79	0.28275412
182	568	0.28635263
64	86	0.28649715
25	3	0.29069978
3512	3496	0.29417315
2007	1219	0.2941807
3189	2523	0.29428673
2624	3609	0.2986801
1571	790	0.29910997
58	76	0.3038388
55	138	0.3086616
1069	839	0.31163198
1034	116	0.3122148
125	150	0.31880587
1264	1294	0.3215422
45	40	0.3258103
2616	196	0.32674074
29	5	0.3294357
103	39	0.32946032
433	453	0.33187628
140	22	0.33197817
218	466	0.33502844
158	4	0.33668843
1012	1044	0.33695963
36	0	0.33931178
50	405	0.34188414
57	6	0.34195152
3735	3854	0.3429322
380	701	0.34466848
89	180	0.34484997
626	1004	0.34710655
114	182	0.34807125
3841	3685	0.3493192
31	274	0.34942535
770	137	0.35240683
322	126	0.35449106
80	1034	0.356602
1767	932	0.3576467
77	186	0.35778138
1307	178	0.35914212
3707	3666	0.36098912
2780	3006	0.36206505
359	314	0.36417183
3684	3600	0.3650641
1075	824	0.3676433
1340	1571	0.36802137
1729	2329	0.36869633
82	24	0.37126744
610	993	0.37179562
50	27	0.3761981
280	366	0.37633368
29	158	0.37647852
290	42	0.37766314
136	20	0.37785724
45	62	0.37796065
1346	2325	0.3779638
1628	1167	0.3821578
35	90	0.38286254
92	123	0.38481987
304	281	0.38636214
332	162	0.38753185
1065	998	0.38985774
364	708	0.39015937
2058	890	0.39061683
111	9	0.39088288
1391	1092	0.39196
206	245	0.39233422
56	13	0.39262944
95	73	0.3940637
2238	2083	0.39461052
69	51	0.3946296
711	439	0.39482203
1275	1465	0.39493945
60	1	0.39564514
317	423	0.39717716
1375	784	0.39746833
201	46	0.39859393
3205	3412	0.39920095
1590	65	0.4005738
2616	11	0.40219057
872	719	0.40290293
428	213	0.40299964
1328	861	0.40883592
1036	1360	0.4089662
25	200	0.41050488
459	610	0.4109065
2774	2435	0.41210443
400	368	0.41318643
2024	1597	0.4134534
852	1248	0.41422015
55	181	0.41423142
103	93	0.4145944
1535	493	0.4148154
114	14	0.4153579
2138	2648	0.41599005
952	369	0.4188682
548	367	0.4189846
1333	2155	0.42072234
284	406	0.42093295
3678	3628	0.42170873
376	396	0.42190593
80	2927	0.42329445
341	1357	0.42338964
277	477	0.4236582
2690	3441	0.4257568
1699	289	0.4262582
98	770	0.42816287
56	143	0.42863768
1932	1283	0.42931724
189	75	0.42944005
204	638	0.42949
2739	3002	0.43069306
310	190	0.43086952
958	220	0.43207294
259	205	0.43220305
2434	3410	0.43285006
1393	2142	0.43318018
2463	1523	0.43324643
2011	2190	0.43454364
2932	3127	0.43493912
195	36	0.4355471
83	129	0.43726054
819	235	0.43870845
2114	1362	0.43873823
2861	2912	0.4394802
631	978	0.4397303
12	10	0.4400811
1118	1018	0.4412281
269	485	0.4424302
1731	1838	0.443136
288	572	0.4438819
1782	1930	0.4442236
232	173	0.44437087
82	899	0.44464123
89	38	0.44477987
457	835	0.44564646
109	77	0.44583154
108	2423	0.44662893
1826	2825	0.44720635
1714	691	0.44767928
1020	448	0.44879454
561	476	0.44944915
441	492	0.44944933
92	522	0.4496833
345	355	0.45057425
2651	3214	0.4515411
1278	247	0.4515893
915	3022	0.45172125
1037	816	0.45345873
2643	2164	0.45430493
2105	1121	0.45454386
524	297	0.45506376
2857	3154	0.45536792
1257	1050	0.45617083
2579	2874	0.45701244
1691	2336	0.45737377
1821	2841	0.45740345
703	521	0.4578408
305	179	0.45794216
3887	3889	0.4586426
1643	1445	0.45921427
87	136	0.4592253
512	372	0.459458
1881	1582	0.45945948
1346	1640	0.4601323
1012	1033	0.4606063
64	370	0.46179807
917	785	0.46306613
61	242	0.46336776
327	564	0.46405083
973	1065	0.46443176
1470	895	0.46466866
140	50	0.46535861
3024	2878	0.46575743
2134	2179	0.46597183
192	301	0.46633664
536	658	0.4669015
2105	1548	0.46690357
475	874	0.469957
613	331	0.47043046
1814	2030	0.4714052
400	35	0.47273228
351	144	0.47356275
3032	151	0.47373343
3608	3490	0.4743314
357	1340	0.47438142
69	97	0.47467476
461	332	0.47486663
1030	760	0.47581473
3204	1900	0.47733614
1292	1342	0.47742814
2156	1997	0.4784506
722	725	0.479493
1989	1508	0.48050418
152	155	0.48065612
1984	2271	0.48077136
2175	1136	0.48131862
1419	2321	0.4813867
768	605	0.48210505
3419	3289	0.48216715
1207	1688	0.48257276
686	107	0.4828668
114	82	0.4841797
983	474	0.4844741
2767	3236	0.48491234
2511	1737	0.48559132
702	1764	0.48564675
246	168	0.4857142
3416	2048	0.486144
1253	429	0.48730102
2958	3011	0.4875947
3194	2243	0.4878757
1883	929	0.48861992
1307	231	0.48885247
238	119	0.48923323
3615	118	0.48989424
1875	1858	0.4899206
510	1249	0.49045008
717	244	0.49088815
3699	3558	0.49115774
637	1589	0.4914921
2268	2359	0.49290153
820	1267	0.4931524
720	1075	0.493326
1669	1967	0.49375257
2928	2299	0.49407488
2201	1443	0.49526313
704	1127	0.49560097
449	84	0.49573538
683	627	0.4957672
108	164	0.49635565
2842	1425	0.49690363
1497	1829	0.49756628
1051	645	0.49850628
3115	3392	0.4985134
234	111	0.4985676
773	670	0.49890152
2334	2298	0.4991339
70	121	0.4998904
615	395	0.49995297
1407	1211	0.49998924
2377	2114	0.5004885
238	288	0.5013535
290	57	0.50146025
1529	2952	0.5015132
382	942	0.502025
1058	866	0.5025746
3760	3323	0.5029009
1097	315	0.503409
47	91	0.50370437
1027	821	0.5037673
1470	1210	0.5047693
49	2	0.50492114
490	621	0.5051857
2788	3283	0.5052071
1384	1149	0.5053728
794	533	0.5054285
1487	576	0.5055322
284	305	0.5057062
287	104	0.5060641
1085	707	0.50686127
307	92	0.5070411
969	509	0.50707436
537	680	0.5072931
2655	2961	0.5081874
15	7	0.50834113
2340	1616	0.5090771
302	192	0.50927347
1753	299	0.5096539
1318	744	0.5096856
3245	3652	0.5100893
1510	738	0.51036954
2815	2664	0.5106976
336	102	0.5108178
2919	2668	0.5117889
2328	1391	0.51223856
854	541	0.5123556
1800	1530	0.51275766
438	228	0.5135967
430	132	0.513642
2428	1568	0.5143937
488	433	0.5150591
2265	2558	0.5152601
3577	3758	0.51526326
1361	1495	0.51681334
2383	2960	0.51710397
607	349	0.5172629
464	392	0.5174977
3449	2020	0.5176408
962	634	0.5180007
273	112	0.51922673
862	2552	0.51987845
2267	2098	0.52106595
698	523	0.52133924
263	259	0.5219206
2406	2848	0.522198
534	58	0.5229636
3135	2731	0.5231988
1213	1165	0.52338296
678	1096	0.5234213
101	67	0.5235384
441	256	0.5235703
330	1311	0.52361596
195	72	0.5239022
239	29	0.5253669
2058	805	0.52565014
2821	2667	0.52573866
536	156	0.5263399
252	80	0.5270032
89	98	0.5272268
1086	911	0.5273487
224	99	0.52797836
103	208	0.5283001
1020	100	0.5284257
45	8	0.52863085
1594	1064	0.5287165
706	1052	0.5289777
2072	1456	0.5294133
2365	2803	0.5294384
3045	2131	0.5295607
2149	1181	0.5297867
2388	2156	0.53001153
3182	2219	0.5300357
2292	2294	0.5302227
360	1094	0.5306054
2508	2746	0.5307381
2406	3190	0.53095967
649	1615	0.5310665
3498	3466	0.5315899
1831	1109	0.531608
3286	3478	0.5316193
345	214	0.53192866
54	400	0.5324088
1017	1277	0.5325248
943	229	0.53339547
697	504	0.53428674
845	1590	0.5347941
2011	2772	0.5364397
1234	333	0.53695965
2148	2103	0.5378525
267	257	0.5389391
252	249	0.53905404
3310	3199	0.53923774
2590	2512	0.5392577
1561	562	0.539317
656	655	0.54007375
1288	846	0.54026854
1363	1767	0.54042834
883	457	0.5404689
906	3172	0.54086804
1299	1461	0.54103345
1221	1047	0.5412131
3642	3287	0.54174715
47	147	0.54184276
2724	2867	0.5424253
3261	2806	0.5428842
580	459	0.5430664
608	275	0.5435394
1998	1769	0.54420453
3576	3815	0.54430467
737	896	0.54435647
590	317	0.5454568
1384	310	0.5458199
338	722	0.5464035
2251	1814	0.54649985
3644	3820	0.546947
1591	1433	0.5469585
380	347	0.54705626
618	1198	0.54723245
632	470	0.54848003
2112	1401	0.54895586
1675	3027	0.5491294
822	1173	0.5491825
882	18	0.54952085
2200	1891	0.5498871
2418	2561	0.5502053
1779	3134	0.5507813
2616	140	0.55137765
2042	1448	0.5520576
2711	3367	0.5527375
1793	2021	0.553449
569	452	0.55402386
1856	1130	0.55435187
626	201	0.5546918
374	203	0.5549232
1719	2594	0.5549811
1180	264	0.5561761
1919	2412	0.55737674
2741	3076	0.5574319
33	219	0.5575618
819	1268	0.5575942
3808	3306	0.55797946
758	30	0.5581241
3058	2579	0.5588653
101	109	0.5598028
1972	690	0.56120014
1611	1806	0.56131756
1030	935	0.56155133
325	37	0.56233126
277	283	0.5626313
124	276	0.56264466
548	139	0.5627716
631	85	0.56287575
775	1894	0.5631193
1246	641	0.5634526
561	269	0.56364036
1610	2262	0.5638117
3647	3627	0.5639094
1797	1528	0.56401813
1353	750	0.5641122
3049	2464	0.5643232
307	44	0.564487
1591	1741	0.56505835
1069	720	0.5652435
424	184	0.56564295
2062	3168	0.56627107
684	258	0.5666816
2477	1711	0.56671965
999	696	0.5675658
757	1683	0.5679027
3301	3455	0.56792253
869	973	0.5681296
1816	2364	0.5686244
1603	2862	0.5689153
2334	2861	0.5690216
2711	2529	0.5694307
3381	2515	0.56982315
3114	2370	0.57008976
1690	1102	0.5701
1729	1743	0.5702907
1125	440	0.5706174
574	1488	0.57132596
764	863	0.5715502
1663	778	0.57158643
1346	357	0.5719427
3653	616	0.57222795
546	745	0.57238305
2265	2833	0.57252884
668	311	0.5725583
1630	1076	0.5732306
2286	994	0.57323766
159	96	0.57389414
3182	2225	0.57425094
1053	731	0.57457393
1559	2109	0.57502884
513	1155	0.57510376
2249	1418	0.5760819
1469	1022	0.57682437
3285	403	0.576849
2885	3042	0.5769703
153	959	0.57740885
304	55	0.578938
387	807	0.5789516
3902	3836	0.5794024
204	261	0.5795084
1259	1557	0.58013344
154	397	0.58064836
441	291	0.58091325
2713	2429	0.58103454
3150	3291	0.5815196
339	43	0.58172256
1833	284	0.5817332
529	520	0.58193463
955	246	0.58213705
777	706	0.58282775
1520	1012	0.5833782
194	59	0.5835565
1551	1564	0.58409554
856	266	0.5842544
685	1935	0.5843933
2417	3228	0.584497
1876	1545	0.58488053
590	548	0.58493584
2843	1460	0.58520454
1543	2108	0.5855219
3508	2461	0.58566487
3448	3711	0.58618426
2134	478	0.5862343
2222	2365	0.5864701
749	1526	0.5872249
78	127	0.5873388
612	643	0.58746076
3248	1609	0.587641
17	16	0.5877311
1419	2251	0.58825284
262	69	0.5882611
2550	2158	0.58833736
3198	2115	0.58868134
3493	1624	0.58880436
1474	853	0.5888072
3456	3315	0.58902776
197	15	0.589184
3414	2676	0.58924824
351	48	0.58942413
2091	1506	0.58953315
230	592	0.5896875
212	87	0.589712
969	809	0.58990765
2024	1328	0.58998734
1515	596	0.5901184
2019	2339	0.5901222
1922	2150	0.590287
3753	1826	0.59046376
2528	2908	0.5906971
604	551	0.5908224
1775	858	0.5911595
1190	1745	0.59192234
1622	1713	0.59213066
342	120	0.5923658
63	34	0.5925713
2652	2662	0.5930528
1953	1218	0.5932686
1549	1090	0.5933745
2734	3253	0.59380716
2448	1466	0.5939694
12	430	0.5947812
3156	2176	0.59546065
1889	983	0.5958344
587	386	0.59589976
2110	1853	0.596719
938	683	0.59676504
788	2293	0.59681
1116	2196	0.5972515
2516	2940	0.59736526
364	2335	0.597608
3746	3882	0.59790367
1794	2999	0.5983102
1242	1409	0.59854424
1104	1026	0.59868664
1451	724	0.5988043
657	897	0.59937453
783	263	0.59948194
2511	2010	0.5997287
2714	2367	0.5997338
3102	1821	0.5998234
3846	3752	0.6000716
922	931	0.60012484
1449	505	0.6002658
830	1040	0.6004817
388	217	0.6008475
714	352	0.60118634
2037	903	0.60186124
54	234	0.60212547
550	431	0.6021321
1791	672	0.6021345
1843	2767	0.60214424
3014	3582	0.60219085
3897	3921	0.60222954
986	1315	0.60270196
2253	2140	0.6027416
163	56	0.60285467
239	64	0.6029046
460	482	0.6031977
1122	1217	0.6036444
1945	2250	0.60441923
3491	3181	0.60448384
49	240	0.6045459
1962	1895	0.60511535
1886	2475	0.6053795
1030	1292	0.6053889
992	678	0.60553706
524	544	0.6056211
2413	1056	0.6061432
1674	2310	0.6062738
1086	759	0.606598
1143	484	0.60684437
692	792	0.6069424
248	503	0.6076421
1307	238	0.60794985
1542	1827	0.608309
625	958	0.6084857
635	300	0.60907036
224	328	0.6095284
17	148	0.6095377
854	546	0.6097866
829	1520	0.60979444
376	1278	0.6099969
2609	2273	0.61009556
721	475	0.6106273
1840	1546	0.61063117
1404	746	0.61177367
1319	427	0.6125064
3288	2615	0.6130352
1399	652	0.61323607
142	441	0.61351377
2590	1995	0.6137228
709	473	0.6146578
282	125	0.6152376
2145	2301	0.61525726
2011	2214	0.61579126
534	290	0.6158797
3032	177	0.6158838
3245	3113	0.6159776
909	688	0.6160413
908	1105	0.61611205
2237	2603	0.6168406
286	716	0.6170996
1848	1687	0.6175279
1550	2432	0.6175411
1762	3709	0.61784637
3477	3116	0.61795604
458	1912	0.61825913
2458	47	0.618306
1068	131	0.6186771
1932	1629	0.6191299
3179	2061	0.6195203
252	626	0.61961365
2734	2252	0.6197516
803	771	0.6198195
2290	2096	0.61992115
1643	1244	0.6203345
343	218	0.620488
2990	2028	0.6215053
1934	1275	0.62151265
1872	514	0.6215149
2174	2337	0.6216048
45	210	0.6219808
536	1021	0.62213457
3201	2333	0.62254214
2270	2699	0.6227163
802	141	0.62295705
2152	2452	0.6236903
3069	1101	0.62412554
152	394	0.6256336
348	285	0.62576926
910	221	0.62591165
1784	1985	0.62633544
3339	3407	0.6263429
2377	1645	0.626929
282	206	0.6269779
3030	3053	0.6275245
908	1757	0.6282449
1361	673	0.62838316
1240	1055	0.6286348
1333	989	0.6286827
2037	1537	0.62900186
569	1072	0.6291431
3596	3371	0.6291582
464	105	0.6291755
2883	2794	0.6293353
81	83	0.62976575
3175	3071	0.63001317
1588	272	0.6300328
2430	962	0.6304742
438	128	0.6305759
888	3878	0.63067204
2790	3098	0.63081634
1337	591	0.6311194
2000	2081	0.63132083
1960	2944	0.63152874
1142	793	0.6316347
984	667	0.63167155
176	280	0.63277847
925	2328	0.63290066
1879	1652	0.6331849
3545	2197	0.63325596
25	239	0.63331926
1510	1572	0.63345253
3660	2900	0.63361615
2964	2845	0.6336317
804	1205	0.6336337
1561	2457	0.6342477
1998	1041	0.63493705
1800	2043	0.63502944
595	1260	0.63519883
103	189	0.6352301
2205	1298	0.6357868
3279	3614	0.6357977
2362	1347	0.6359315
968	694	0.63608795
1704	1112	0.63659894
160	135	0.63671535
322	304	0.6367731
382	389	0.6373966
768	549	0.6375903
1057	1023	0.6376269
3335	850	0.63771856
578	518	0.6378028
765	810	0.637805
682	1020	0.63800657
1163	1883	0.6380372
593	1084	0.6380782
273	303	0.6385082
767	527	0.6387897
1542	684	0.6389427
3505	3167	0.6390349
704	1618	0.6391001
580	364	0.63969797
1185	2909	0.6397768
2315	2292	0.6399187
2946	2545	0.64039737
3899	3907	0.64090025
567	632	0.6409377
2980	3200	0.64118195
1544	1919	0.6413629
1774	2484	0.6415013
512	94	0.64256036
3207	2887	0.64272916
3738	3772	0.64277875
2394	1188	0.6430163
2135	2562	0.6436934
1702	1993	0.64401364
167	172	0.64438635
2705	3595	0.6450148
2046	1592	0.6453566
3484	2313	0.64543897
2697	1744	0.6454697
2568	2075	0.64565027
3538	3664	0.64581776
2759	2074	0.6459054
271	49	0.64601624
799	1134	0.6461346
1364	361	0.6461557
3372	3591	0.646867
2933	2842	0.64691186
1117	1238	0.6470044
2816	2257	0.6470361
2462	2739	0.64716434
952	330	0.6472421
3176	3482	0.64728475
391	892	0.6478451
3601	3688	0.6480097
3571	3074	0.6482819
1049	918	0.6487545
3114	2698	0.6489331
1423	1705	0.64910066
2222	2493	0.64911807
1256	1246	0.6491424
1650	1386	0.6493252
1772	565	0.64938307
3564	3580	0.6494227
1733	1380	0.64957726
253	209	0.6496561
515	1587	0.6497103
2400	2976	0.6497332
566	232	0.6497514
3701	3668	0.6497961
1426	1543	0.65120727
1851	1241	0.65127015
3198	3400	0.651452
420	146	0.65147287
2040	2623	0.65239865
1395	926	0.6524493
2753	1145	0.6527894
495	630	0.6528496
2494	1720	0.65328604
1120	215	0.65357566
2688	1892	0.6536311
1384	488	0.6541295
2386	2332	0.65417105
3527	2430	0.65485376
1692	326	0.6548677
743	844	0.65488905
2354	3093	0.65497845
2437	2134	0.654982
1441	1668	0.6552856
2621	3132	0.65554106
583	1097	0.6555623
865	1509	0.655569
2644	2683	0.6558542
2496	2154	0.6558795
1161	963	0.65599066
577	677	0.6562023
883	1972	0.6562656
2080	2008	0.65630734
801	171	0.6563629
248	336	0.6565033
3593	3542	0.656732
3070	2392	0.65676594
2651	2024	0.6570347
1533	3177	0.65705717
3299	2992	0.65745294
1419	925	0.65751314
3174	2527	0.65753037
1626	2894	0.65771306
1837	1502	0.65793484
3470	3013	0.65796506
845	375	0.65817046
1931	2315	0.65824515
338	971	0.6582804
2721	2349	0.658335
3725	3055	0.65841514
3395	1183	0.6585803
2540	2665	0.658598
407	868	0.6588875
532	498	0.65909755
1813	2405	0.6591407
384	401	0.6594016
1898	1988	0.65947676
142	166	0.66010296
1631	1253	0.6603552
117	1699	0.6606219
637	1701	0.66089725
2546	1881	0.66116035
2616	826	0.66155666
1221	2658	0.66185606
2885	3415	0.6620798
1570	2095	0.6628305
1010	2649	0.66303086
2830	2165	0.66317916
2226	2044	0.6631904
788	1470	0.66319495
702	1427	0.6641938
1346	537	0.6645778
61	89	0.66458476
1729	832	0.6646031
2255	2509	0.66489995
2864	3396	0.66505444
1833	536	0.66527164
2738	1596	0.6658468
3583	2898	0.6668871
1017	869	0.66808814
1808	1293	0.6690925
313	174	0.6692064
2035	2054	0.6692806
668	354	0.6694951
1723	1773	0.67042625
1978	1784	0.67106485
1318	1309	0.6714692
1325	597	0.6720661
1069	1487	0.6722127
434	943	0.6723886
1284	2578	0.6726326
2050	2016	0.6726632
2200	3058	0.67273426
1620	1025	0.6731617
1753	1643	0.67326796
2276	3502	0.6737881
1257	717	0.6739265
1168	323	0.6739484
889	1791	0.6745146
1932	1910	0.67461276
2712	2372	0.6750728
946	489	0.6750868
3197	3068	0.6752033
2744	2231	0.67548543
1635	2071	0.6755964
3398	3205	0.67595166
1503	2057	0.6761916
2281	2146	0.67640895
1790	2577	0.676429
1473	1599	0.67649263
490	356	0.6769855
142	252	0.67707026
2199	1547	0.6773085
819	915	0.67737037
1399	524	0.6773796
587	346	0.6776097
1717	1654	0.6777626
1413	1389	0.6780023
3088	2907	0.6783318
1689	2595	0.67858875
3031	3549	0.67959464
2622	2113	0.6796798
2031	2148	0.68015933
3156	2320	0.68017524
2821	2655	0.6803744
3409	2711	0.68087137
2773	165	0.68104935
1255	1561	0.68133307
1968	2111	0.68153584
3016	2322	0.68157613
736	327	0.681692
31	81	0.68171304
479	149	0.6817823
63	114	0.6818473
2183	2860	0.681998
2138	2105	0.6823839
623	496	0.6826948
1230	1602	0.6833666
1768	1222	0.6844935
422	1143	0.68527836
1317	558	0.6852927
3043	2608	0.68576986
54	25	0.6860939
1234	183	0.6862159
2415	2417	0.6865621
930	78	0.6870457
601	849	0.68765426
879	758	0.6881356
415	169	0.68820727
3136	1060	0.6883218
1209	2112	0.68858874
1106	1657	0.68876326
2704	1843	0.68902206
2428	2511	0.6890659
700	359	0.6896094
764	992	0.6898907
1497	1692	0.69001603
2376	3640	0.6903428
3078	2300	0.6906947
1010	2490	0.6907092
1660	1015	0.6911171
808	878	0.69113606
1658	2504	0.6915005
1693	765	0.69160616
2027	2270	0.69185615
1122	740	0.6918923
161	449	0.69206893
465	1302	0.69244957
3233	2837	0.69259936
2514	2289	0.6929355
2168	1830	0.6933614
262	101	0.6935415
2686	2789	0.69358355
2203	2707	0.69384795
1206	554	0.69388556
811	965	0.6943406
624	445	0.6945823
207	408	0.69482225
2689	3646	0.6952946
1706	957	0.69548917
1011	1896	0.6955962
1036	920	0.69617283
711	583	0.69655514
2985	2770	0.69682103
3128	2897	0.69728726
1726	1452	0.6977113
888	236	0.6980287
1339	1484	0.6985965
1118	1270	0.6988563
1332	344	0.6988709
2877	3349	0.6990205
588	451	0.69925404
1377	2540	0.69926035
351	195	0.6995104
1450	2073	0.69968426
584	1551	0.69992805
1636	791	0.7004933
666	602	0.70056987
1498	467	0.7008887
2256	1300	0.7009065
1765	1375	0.70091546
3138	3715	0.70094293
794	204	0.70110166
2673	2474	0.7011723
2666	2406	0.7013108
1822	1301	0.70137465
813	1160	0.7019213
2693	3097	0.701924
3265	3642	0.70193255
373	115	0.7020332
653	3615	0.70207286
3403	2701	0.7023063
2990	2079	0.70231104
517	506	0.70232135
2616	212	0.7023841
2983	1839	0.7026517
1565	2871	0.7028712
1455	742	0.70302534
532	697	0.7032676
3389	3009	0.7032717
3003	278	0.70334244
3610	2715	0.7035068
3274	3607	0.70353514
889	341	0.703639
657	1254	0.70389575
3559	1200	0.70395964
913	553	0.7046908
842	1396	0.7050225
2127	3318	0.7052624
3284	3264	0.7054998
2849	1529	0.70557225
2824	2463	0.70615447
241	106	0.70668745
2058	2072	0.7067462
1987	3528	0.70693326
1865	2033	0.7069654
1588	1338	0.7070973
961	1803	0.70710814
2330	593	0.7071146
2235	1103	0.70744145
3262	2371	0.7074508
1345	1029	0.7075292
2788	2884	0.7081324
1271	1037	0.70823634
977	1670	0.7083906
567	227	0.7092722
2119	2396	0.70961344
2355	1291	0.709769
1257	12	0.7101626
2388	3086	0.71016645
3189	2586	0.7104498
856	52	0.7108295
230	407	0.7109959
460	412	0.7110723
3488	3632	0.7117809
2642	3270	0.7119402
2091	1815	0.7121091
1603	2377	0.7121259
3484	3238	0.7121335
1364	293	0.71215343
63	60	0.7122411
3048	3708	0.71234405
3049	2680	0.7123561
464	153	0.7124485
2344	2473	0.71264017
2401	1861	0.71281606
2589	2085	0.713181
343	185	0.71348244
3753	2195	0.71350515
2465	1984	0.7139518
1709	1421	0.71422267
2987	2826	0.7142913
2065	2486	0.71436703
1061	594	0.7144515
1983	2149	0.714471
1366	534	0.7144762
154	19	0.71485674
751	1507	0.71522284
340	856	0.71524644
1646	1798	0.7157268
3462	3803	0.7158724
1441	1819	0.71605134
1925	2574	0.7162306
2482	3579	0.71661127
1063	617	0.7166583
2568	2454	0.71666074
600	777	0.7171785
1035	458	0.7173014
2533	3150	0.7173431
2760	1786	0.7178385
1753	693	0.71805423
1058	1088	0.71832645
1659	2303	0.7191063
2288	1943	0.71978396
1578	2210	0.7198186
490	508	0.72005093
2727	2619	0.72037673
840	916	0.7210783
411	28	0.7213538
560	3017	0.72142255
3334	3508	0.72158027
1116	1310	0.7218205
1911	1436	0.7219719
1120	547	0.7222973
2077	2784	0.7228556
70	21	0.7229127
2436	1886	0.7229598
1653	988	0.7230084
2778	1951	0.7232975
3846	3594	0.7233442
607	955	0.72335047
2872	2241	0.72336876
1228	704	0.72337866
2565	3495	0.72374636
1422	3083	0.72393423
3684	2724	0.72402453
2175	1336	0.7241154
170	787	0.7242296
1628	1476	0.7244872
339	418	0.72456235
833	640	0.72510284
3473	2535	0.72554374
1193	379	0.72651887
1214	967	0.7270508
783	631	0.7271082
2458	845	0.72735566
3019	345	0.7276452
1346	561	0.72803044
1066	502	0.72809553
862	964	0.7281414
2173	2446	0.7282413
2625	2222	0.7287795
362	671	0.72882193
613	338	0.72899777
3596	3669	0.72949016
1862	1356	0.7294983
2455	2797	0.72959864
1341	1297	0.72962415
3137	3871	0.72966295
1486	1860	0.7297163
444	410	0.7300289
260	308	0.73037386
3366	2973	0.73049253
2180	2460	0.73058647
3230	2550	0.73096573
552	800	0.7311121
2800	2857	0.73128855
3405	2766	0.7313765
709	615	0.7313844
2706	2583	0.73199046
1363	604	0.7320568
319	609	0.73212826
1663	1729	0.7321503
1934	938	0.73231363
2092	2531	0.73248225
61	1366	0.7325711
686	287	0.73269665
2854	2453	0.73324025
947	1428	0.7333784
1630	1132	0.73355556
1027	622	0.7335948
732	1772	0.73384726
2011	2569	0.7340181
1221	1062	0.73434865
550	157	0.73453784
2544	2751	0.73456913
2366	2949	0.7346525
3248	2278	0.7350602
711	721	0.73525745
1653	703	0.7354367
1077	250	0.73613304
2839	3393	0.73614866
3694	3203	0.7361588
1715	1675	0.73637533
808	692	0.73651475
1504	1893	0.7365557
1781	2587	0.7366087
1247	636	0.7368851
1129	829	0.737043
2546	2621	0.7371986
2116	2477	0.73740053
1489	1114	0.7375226
360	599	0.7375932
519	595	0.73765105
194	3032	0.73772043
674	31	0.7380266
1089	590	0.73806864
814	806	0.7384895
763	3285	0.73856676
2237	1835	0.7386706
358	486	0.7387011
1048	1320	0.73886746
1407	2388	0.7395325
1799	1535	0.7397598
662	447	0.73999727
277	108	0.7402083
2765	2284	0.74178386
3818	3448	0.7420413
1204	1057	0.74231637
2516	2933	0.7424386
1731	1051	0.7428111
2378	1453	0.7433836
282	1307	0.74362
921	1122	0.74403274
2330	273	0.7444619
1355	2032	0.744826
3436	2343	0.745092
1178	1085	0.74534804
3581	1762	0.7454457
1419	1069	0.7459249
542	1751	0.7459503
2538	2763	0.74643594
1503	574	0.7468621
2354	1945	0.74703556
248	465	0.7472266
968	2058	0.7472392
3217	1263	0.7474053
1086	1841	0.7474893
1874	1986	0.7475483
2792	1472	0.74760014
2891	2799	0.7480844
2971	2697	0.7481912
1976	2831	0.7481942
1872	1008	0.74822104
434	747	0.7484736
2424	469	0.7485674
940	495	0.74887383
3142	2055	0.74989754
3691	1969	0.74998474
2399	159	0.75040376
2855	2582	0.75089467
2383	2265	0.7509655
2277	1030	0.75102276
3374	3644	0.7510738
383	381	0.7511492
1077	322	0.75115997
513	462	0.75118184
1922	1863	0.75119674
796	1201	0.75119835
2785	2467	0.75130165
1785	1899	0.75135416
2627	3649	0.7517823
302	376	0.7518426
1142	969	0.75201714
3320	3060	0.7523575
2966	3299	0.7525724
870	794	0.75262785
1715	2636	0.75277066
2946	3045	0.75279474
2422	650	0.7531978
1708	1335	0.7533291
3539	3654	0.75389695
124	66	0.754068
1714	767	0.75415015
2116	1377	0.7543108
1580	1195	0.7543178
1117	729	0.7545296
402	882	0.7546028
2357	1305	0.7546412
313	530	0.75481653
2404	948	0.75487757
1812	1106	0.7549062
1280	1619	0.755284
2598	3773	0.7553547
737	1161	0.75539196
456	421	0.75578696
3211	2507	0.75619596
2637	2393	0.7566725
3024	3114	0.75682527
1710	1724	0.75710744
908	1163	0.7572088
1024	847	0.7574117
875	865	0.7574679
2385	3104	0.7576461
353	891	0.75764614
2943	2445	0.75778264
33	117	0.7580115
41	2616	0.7581874
1527	966	0.7586336
633	822	0.7586669
428	226	0.75872236
1197	1493	0.75880253
1842	606	0.7589905
2052	2661	0.7607173
1223	391	0.7608983
1756	1438	0.76091766
2801	3633	0.7609741
1113	1429	0.7615036
2804	3084	0.7619929
2915	3206	0.76204777
1794	2318	0.7622088
2236	907	0.76249367
1148	946	0.76268125
2609	2354	0.76308954
3334	2566	0.76372635
342	675	0.76514256
1070	1324	0.76516414
3619	2498	0.7652933
2287	1680	0.7656598
2448	1734	0.765712
1517	1212	0.7658405
1719	2480	0.7660638
1286	543	0.76613325
529	776	0.7664684
1455	571	0.7669357
585	262	0.7669691
3566	3174	0.7671031
1885	3384	0.7671459
1384	363	0.76738966
2879	3070	0.76746523
2470	3339	0.7675625
3204	1664	0.7677269
538	623	0.76786983
2720	2734	0.76834095
3121	2069	0.7684005
884	318	0.76874626
3269	2896	0.7688031
3163	2605	0.7695352
1691	1603	0.76964116
3107	2249	0.7699276
2352	3101	0.769957
2666	2962	0.7700836
975	600	0.7701655
1718	2366	0.77022636
3544	3031	0.7702329
2368	3538	0.77112067
1480	3888	0.7711752
1620	577	0.77121377
3469	3309	0.7718476
1125	1312	0.77201664
1890	1646	0.7721721
1648	1239	0.77228326
1907	1638	0.7729122
3160	1642	0.7730478
3137	2494	0.7730895
803	1851	0.773111
836	176	0.77332485
1980	1721	0.7735726
799	909	0.7736089
2988	560	0.7736802
3526	3465	0.7736832
976	951	0.77411544
2157	2745	0.77415407
2031	2990	0.77426255
3799	3246	0.77429575
3521	3585	0.77433395
2045	2205	0.77459276
2491	3111	0.7746903
3156	2713	0.7748976
578	380	0.7750242
61	163	0.77530074
3269	2813	0.7753327
415	88	0.7754927
3273	3723	0.7755459
1785	1775	0.77660483
1909	1965	0.77676
1146	1522	0.7768157
1454	1831	0.77769804
1074	1622	0.77771205
1952	2384	0.77811503
1233	950	0.7783499
2759	2462	0.77837884
1735	2334	0.77856195
612	618	0.7790762
1334	1111	0.77935445
2821	2418	0.7795223
2828	3816	0.7799356
3069	3078	0.7799876
494	668	0.780111
876	581	0.7801151
651	872	0.7801941
2344	2639	0.78033847
1960	1245	0.78038955
1742	2554	0.78093463
512	142	0.78169435
337	739	0.7817686
2436	3271	0.78176963
3229	945	0.7819666
542	499	0.78209984
737	1833	0.782339
3102	3660	0.7826451
906	885	0.78264916
2314	1880	0.7831161
1730	1147	0.7832121
3434	3128	0.78327155
924	828	0.7835456
1800	1738	0.7837278
910	751	0.783739
1477	1458	0.78427845
3486	3404	0.78431904
1215	1184	0.78448457
3782	2650	0.7844963
1256	1017	0.7845449
3180	2929	0.78543466
167	267	0.7858088
2124	893	0.7858417
1474	145	0.78584987
2428	2651	0.7859231
2846	3313	0.7861516
2242	1746	0.78638196
1931	2756	0.78647566
804	905	0.78663445
819	1257	0.7867076
1707	1760	0.78694034
749	1325	0.7870954
2820	1823	0.7873275
1987	2200	0.7880915
642	608	0.7882234
1369	3665	0.7888344
2627	3369	0.78921807
1317	1089	0.7896311
1156	1414	0.78981453
2163	2989	0.7899516
2153	981	0.7901791
2483	2258	0.79140854
917	775	0.7914434
471	1123	0.79147035
2086	130	0.791524
1954	817	0.79177976
613	1014	0.7925816
2776	2360	0.7926836
2421	2849	0.79305583
2864	2448	0.7930724
1516	1199	0.7933181
2749	3451	0.79349047
312	211	0.79449445
2995	1693	0.7951573
953	500	0.7951788
567	586	0.7955496
3458	2824	0.7960611
1614	124	0.79697305
526	669	0.79723537
3265	3024	0.79725724
481	404	0.7978003
3458	2533	0.79789364
3391	2790	0.7979595
3161	2312	0.7980682
727	1271	0.79822075
1550	2485	0.7984706
699	1374	0.798498
3611	2966	0.79854596
808	1749	0.7986095
1702	1735	0.79864323
3707	2295	0.79892194
3012	2323	0.79911584
515	860	0.79930276
1228	898	0.7994145
1439	1610	0.80051243
1319	2469	0.8009219
914	442	0.8010966
736	187	0.80124146
3166	3771	0.80136365
834	480	0.80140734
1631	2437	0.80145186
2660	3263	0.80184495
3080	3449	0.802113
961	854	0.80219066
970	438	0.8022539
3789	1719	0.8022569
676	545	0.8023848
1650	1042	0.80259967
3149	1282	0.8027649
3575	3700	0.80293155
2704	2440	0.8030445
282	188	0.8034678
3527	1214	0.8044889
2387	3169	0.8051327
3679	3847	0.80541897
3188	2290	0.8056314
3077	3366	0.80600166
830	292	0.80605245
517	625	0.80617225
3784	3683	0.8064213
1591	1797	0.80650175
1754	855	0.80704063
33	63	0.8071373
3049	2717	0.8071632
3423	1873	0.80759853
2804	2415	0.8076917
3148	2194	0.8080667
3322	1169	0.8080798
3631	2508	0.8086616
687	661	0.80878085
3001	3554	0.8089522
1251	472	0.80934954
490	580	0.8096425
3381	2686	0.809832
298	3312	0.8099379
414	1612	0.8107981
1206	417	0.81099796
762	2224	0.811102
3545	2669	0.8111736
1996	804	0.81219226
3551	3797	0.8124452
2193	1419	0.8128709
702	700	0.8128812
3067	3520	0.8136358
3653	512	0.814114
3337	3855	0.8143886
2291	2094	0.8145122
2634	2017	0.81455255
3714	2472	0.8149391
260	432	0.8149753
1481	325	0.8157871
2808	3082	0.8160134
2965	3201	0.81614476
3048	3505	0.8163817
2856	3394	0.81714946
930	45	0.8171754
1731	986	0.81722623
1255	1840	0.81746745
3152	2928	0.8175224
598	1371	0.81815624
2563	1818	0.81828266
3335	912	0.81828773
582	464	0.8183227
889	727	0.8184784
578	715	0.81869113
3102	2528	0.81874627
802	3804	0.81883466
3198	2720	0.8189064
3801	1080	0.81976384
2110	2823	0.8198782
3504	2559	0.8199008
2911	2217	0.82011855
1185	2972	0.8202385
665	399	0.8207386
2638	2202	0.8207928
1162	1001	0.82081157
3583	2152	0.82086796
2585	3432	0.82092345
1207	1175	0.82096267
350	531	0.82123137
563	409	0.82150716
519	265	0.82160944
1154	487	0.8217239
1710	2873	0.8219397
3522	2277	0.8219813
294	463	0.8220378
3319	1128	0.82217026
1695	936	0.82234126
424	61	0.82235765
2099	2762	0.82249075
1424	637	0.8225722
2011	2821	0.8230495
827	1379	0.8232325
2689	3403	0.82325155
2496	2955	0.82344043
2169	1553	0.8237654
1515	1978	0.82417774
2703	1825	0.8241874
1788	1156	0.82461596
2386	1794	0.8249544
2374	2187	0.825668
1141	1367	0.8261296
1363	2138	0.82620543
1970	2946	0.8263085
773	579	0.82638305
3112	1700	0.82663506
3590	3402	0.82677627
271	2399	0.8280605
1567	3357	0.8282508
2572	3457	0.8283856
3151	2696	0.828459
587	343	0.8289243
1009	1332	0.8292247
783	248	0.82949144
3443	3164	0.8297614
1842	2843	0.8298563
2373	3694	0.82989234
3107	1005	0.82992685
1924	2536	0.8301939
1631	1116	0.83019626
2279	1613	0.83094335
2478	3387	0.83114314
1594	1118	0.8312627
1048	2199	0.8314283
995	1518	0.83149433
1990	2913	0.8316157
2835	1708	0.83175135
3416	2184	0.83178586
1964	3419	0.83211863
3182	1655	0.83226967
648	2899	0.83261496
1666	851	0.832883
3141	2144	0.8329771
3689	3329	0.83319277
2439	2172	0.8335131
2178	2005	0.8342622
1516	566	0.834301
1534	1929	0.8345834
2936	2700	0.83466256
2781	3274	0.83529025
753	1196	0.83532697
3016	1216	0.8353282
3641	2407	0.83581245
3783	1779	0.83583546
2386	2383	0.8359343
1758	2362	0.83605015
1533	3256	0.83643067
1256	1240	0.83687705
2253	1381	0.83689076
3260	3014	0.8371786
340	883	0.83719444
1496	254	0.83773315
1077	41	0.83774614
3235	3138	0.8382201
2625	2970	0.83835644
1949	1789	0.83839893
3057	3631	0.8384961
342	434	0.8387977
1637	3300	0.8389862
3240	3241	0.83899075
1192	1555	0.83932376
2546	2189	0.8396863
3030	3613	0.8397876
3388	1715	0.83994645
3527	2465	0.8402822
2244	1982	0.8406288
2084	1656	0.8409898
1449	1152	0.8410502
2677	3674	0.84121215
1542	513	0.8412464
3372	3144	0.8412492
2943	2341	0.8414519
3302	3737	0.8415039
307	71	0.8417814
1600	979	0.8425449
607	567	0.842732
1259	2049	0.84291553
2147	2620	0.84396183
3821	3601	0.84432256
880	1317	0.84551364
2881	2283	0.8457972
2100	1782	0.84587073
2722	2022	0.8460556
2124	2865	0.8463123
1157	944	0.84687847
1620	2037	0.8472086
3047	2987	0.8473862
928	764	0.84760964
2549	3165	0.8476787
1716	1667	0.848128
2792	1837	0.8483218
1690	1323	0.8487915
103	550	0.8488909
3704	2216	0.8489434
2404	1348	0.8489961
1383	2056	0.84913605
1417	460	0.8491636
3658	2968	0.84953886
2547	2260	0.8495625
402	1525	0.8496276
1710	2308	0.85006565
2679	3147	0.8502527
3267	1868	0.85033923
1351	1660	0.85061383
3019	160	0.8509617
3159	2785	0.85101813
795	1400	0.8514726
3395	2167	0.8517599
2935	1331	0.8519379
2470	3273	0.85201055
3577	3183	0.8522172
2981	2613	0.8523243
1626	2237	0.8523661
1953	768	0.85242677
977	1151	0.8529424
1987	3409	0.85319257
2879	2119	0.8535564
2239	1142	0.8541241
1903	1172	0.854145
2160	2285	0.85478824
3808	1870	0.85507107
3453	2363	0.8554312
1321	573	0.85594386
3720	3089	0.85603744
2503	2220	0.8561503
2175	1906	0.856753
2592	1922	0.85695523
3437	3533	0.8570451
2885	2744	0.85704756
3094	3439	0.8571978
1125	1747	0.85723877
1031	980	0.8572496
170	642	0.8585966
313	714	0.8589579
1544	1630	0.8589653
2178	2317	0.85902745
3459	2931	0.8590931
736	1126	0.85923445
1077	302	0.8593854
3025	1426	0.8595386
3059	2716	0.85968393
1229	769	0.86038274
601	230	0.86041486
1959	2505	0.8604779
1178	940	0.8605284
3626	1679	0.8610085
1455	649	0.8610844
3360	3532	0.8615388
743	646	0.8616301
1316	1243	0.8618728
2988	852	0.8619537
3684	2958	0.86232257
414	1549	0.8623401
3798	3843	0.86273056
1039	2046	0.8628317
1872	2382	0.8629196
384	233	0.8629554
1866	728	0.86313355
1911	2166	0.8632069
2019	2625	0.8634556
1394	378	0.8637256
2537	1793	0.86399865
801	1013	0.86449665
2819	3290	0.8647522
3922	3912	0.86515194
1954	820	0.8651725
3610	3569	0.8656179
990	282	0.86565334
3562	3570	0.8657455
711	710	0.8658037
1363	1337	0.86588883
1674	1327	0.8664937
3279	3568	0.86675704
3261	2059	0.86687803
2302	2272	0.8669798
3171	3619	0.8671559
1857	1478	0.86722636
1370	1940	0.86738086
843	194	0.86772984
1875	2611	0.86780304
2732	2759	0.8678466
1992	2211	0.8679261
1058	1104	0.86809313
2040	3217	0.8681003
651	666	0.86849135
3543	3340	0.86858284
2080	316	0.8685913
3828	2748	0.86862963
3790	2581	0.86865157
2541	2188	0.8688327
2524	1709	0.86892515
1641	2002	0.8689691
1129	657	0.86951476
1728	450	0.8697449
1344	1497	0.86977756
836	17	0.87008077
620	837	0.87070256
2688	2883	0.87083495
1681	2703	0.8711463
468	2624	0.8716389
875	1250	0.8716713
542	3136	0.87170655
1288	1086	0.8724617
3587	3589	0.87295
1691	1925	0.87298536
286	756	0.87305987
1110	2239	0.87310183
2127	3598	0.8733966
3648	3759	0.873661
2264	1420	0.8737546
1459	3191	0.8739769
3227	3398	0.87404436
2116	2568	0.87406254
870	687	0.8742544
1318	569	0.8745233
1725	1344	0.87465006
880	1346	0.87479055
456	1179	0.87503624
1078	1046	0.8757933
2014	3386	0.8758001
1722	2011	0.8758711
1563	3391	0.87587667
1649	2060	0.876035
811	425	0.87639785
730	584	0.8764288
388	53	0.876566
1003	1117	0.8766381
1053	1349	0.8767422
984	961	0.876849
1228	2256	0.87746227
1763	1939	0.87750435
3840	3304	0.87815386
2419	1588	0.87829626
2168	1308	0.87832487
2978	2356	0.8783526
1917	2139	0.87842685
3254	3470	0.8785044
1960	1407	0.8786584
825	461	0.878678
1753	786	0.8791044
2348	1457	0.8801209
2904	2580	0.8802256
33	54	0.8802883
2694	2918	0.8811842
552	497	0.881369
1404	1676	0.88149667
2875	1197	0.88178
339	68	0.8826027
1242	1009	0.88312954
3176	1182	0.8837198
2424	2286	0.8843682
653	588	0.8843965
3244	2051	0.88455194
2758	2851	0.88491166
1498	1120	0.88499546
2804	2368	0.88531834
1505	726	0.8853258
913	709	0.8855871
3338	3548	0.8856363
3225	2712	0.88577807
3583	2599	0.88634765
2443	2591	0.88669324
1632	1067	0.88691604
3245	3374	0.8871745
1920	1690	0.88722306
1369	2436	0.8873043
880	360	0.8874792
2162	2614	0.8876659
2487	2122	0.88803065
3348	3509	0.8883518
483	479	0.8887024
773	241	0.8894664
2672	2539	0.88961977
2532	2859	0.889912
1048	830	0.8899536
1074	1135	0.8899868
3469	3321	0.89077246
1795	1471	0.8908254
624	1221	0.89092547
3008	2777	0.8909342
3937	3936	0.8914548
3581	2673	0.89162725
3653	277	0.89164764
2800	2110	0.89167696
2398	3426	0.8919821
2846	3069	0.8920155
735	763	0.8921046
927	319	0.8923021
2169	1521	0.8923471
3576	3625	0.8928882
2938	1511	0.89293665
2969	3220	0.89322853
309	306	0.8932319
633	873	0.89402086
2244	2218	0.8942704
1669	2438	0.8943797
1570	3208	0.89445907
2924	2209	0.8947822
2983	3769	0.8953738
752	997	0.8954205
556	1286	0.89542454
3377	2369	0.8961285
975	490	0.8961414
1765	1036	0.8969499
2815	1785	0.89735806
1158	3707	0.8974014
2740	3481	0.89748955
2775	1434	0.8975435
2864	2546	0.897557
3932	3896	0.8978834
1113	1862	0.89819556
398	529	0.89837444
2479	2510	0.8987407
2838	1550	0.8991508
2137	3310	0.8997551
2330	695	0.9003919
3484	3725	0.90041566
2596	2201	0.9004242
910	1209	0.90071726
1933	2395	0.9007272
3802	3301	0.9007452
3420	3332	0.900849
825	387	0.90105426
373	95	0.90116644
1316	1685	0.901425
3827	2812	0.90208626
2601	1262	0.9022408
2521	1187	0.9024455
1573	1878	0.90246606
1799	348	0.9024883
1778	1517	0.9025907
294	585	0.90271556
904	1364	0.9027407
2421	1804	0.9031841
3130	2584	0.90344954
2489	2221	0.9034802
3157	3143	0.90361124
1971	1171	0.904004
3880	3337	0.90449286
889	2995	0.90452796
894	1879	0.9046006
3248	2070	0.9046719
334	1653	0.90473366
2738	3535	0.9049512
1174	268	0.90505266
582	170	0.90530694
3110	3215	0.9054445
3102	3522	0.9055957
2659	3753	0.9056506
3825	2482	0.905938
1614	237	0.9068757
1867	654	0.9070524
1871	1204	0.9076262
3397	3079	0.90767074
3731	3651	0.9079988
1946	2099	0.9083954
3559	901	0.90852666
2245	842	0.9085475
607	374	0.90858614
3294	2704	0.90868306
1531	838	0.90879375
2434	1932	0.90932286
2753	2053	0.9096139
1440	1049	0.91014946
2893	3186	0.91029924
2425	3697	0.9104311
840	798	0.91045415
3192	2441	0.91075784
1207	1483	0.9107761
2502	1931	0.91081995
1422	2710	0.9108935
437	783	0.9110718
2980	3431	0.9111377
1968	1410	0.91113955
796	510	0.91114175
1168	207	0.91121876
2601	2906	0.91149205
1695	660	0.91216576
1663	1192	0.91248065
2732	2607	0.9126196
788	1753	0.9128231
1554	1318	0.91307133
3596	3501	0.91321456
1403	1639	0.91350013
2497	2839	0.91355395
3269	1800	0.9136159
1633	1330	0.91363996
1225	3018	0.91418505
871	995	0.9149017
3830	3823	0.91562784
3231	3124	0.91576123
3779	3887	0.9161897
2914	3267	0.9162726
507	377	0.9163523
3112	1671	0.9163713
3379	2642	0.91652346
3499	3380	0.9165545
922	1264	0.91691005
3230	3262	0.9170944
2604	1732	0.9172324
3436	648	0.91723615
651	113	0.91731405
1463	1595	0.918094
1902	928	0.9186703
3207	3001	0.9189435
1540	619	0.9191164
3546	3574	0.919303
2040	1284	0.9193866
3571	2227	0.9195327
2025	968	0.9197716
167	279	0.9202665
3383	2754	0.9206028
3073	864	0.92093563
975	635	0.9214046
879	538	0.9214477
2045	2805	0.9225187
1983	1620	0.92259115
813	1193	0.92282075
987	779	0.92298025
3675	3724	0.92339844
1226	455	0.92369145
2215	3605	0.9237872
3497	1430	0.9241581
3935	3942	0.92433566
1351	1469	0.9243588
1191	3146	0.92442375
2177	2920	0.92506915
1802	1704	0.92507994
1256	1339	0.92528534
1285	1259	0.9257289
2374	1771	0.92634004
2788	3308	0.9264416
876	1237	0.9265688
1816	1455	0.9270173
587	320	0.927278
2965	1691	0.927596
2476	2304	0.92773587
1909	1908	0.9279449
3420	3361	0.9286199
3610	3730	0.92925996
2232	3572	0.9295503
1028	559	0.9302057
3049	1637	0.9303223
3476	3735	0.9303659
1936	286	0.93057495
2027	2065	0.93065864
1326	1752	0.9308907
2067	1536	0.93097466
2344	3245	0.93115133
1058	1350	0.93136567
1812	2193	0.9314568
3381	3789	0.93167746
1608	737	0.9318275
2840	2455	0.9319148
340	424	0.93202716
3385	2501	0.9320972
2133	2657	0.93217427
1992	2939	0.9324051
2491	2572	0.9328817
415	122	0.9329986
1405	999	0.93343997
1296	718	0.9334653
519	1125	0.93357104
1159	1516	0.93376416
3117	2663	0.93442583
2183	3566	0.93485075
1000	2742	0.9350114
3599	3370	0.93564075
870	1148	0.9357639
3039	2516	0.9359032
2593	3155	0.9359996
2934	1510	0.93606347
1774	960	0.93615556
3621	3286	0.9363035
3647	3727	0.9371354
3411	3034	0.93738544
2643	3718	0.93768513
1406	2084	0.9378577
1809	329	0.9379891
3433	3429	0.9380534
1314	1477	0.9381628
2092	2207	0.93838924
3334	3571	0.9387074
222	420	0.9388219
2947	3090	0.9390812
2573	1559	0.9392228
1740	2314	0.9393107
1500	2204	0.93941355
766	175	0.9394268
1836	1824	0.9395171
1435	385	0.9396815
3637	3761	0.939759
1658	1848	0.9399463
1440	1273	0.9400056
2118	2101	0.9404635
2255	1228	0.9406569
3539	3634	0.940786
1888	3036	0.94081306
917	1083	0.94100267
2506	3033	0.9410312
772	2361	0.9411501
383	754	0.94127357
3796	3123	0.9412952
3142	2137	0.9413005
1820	749	0.94133466
2386	2116	0.9414933
3782	3414	0.94183767
3824	3259	0.9418589
362	413	0.9425008
2086	384	0.942516
3686	3869	0.9427357
3515	3676	0.9431705
3829	2456	0.9434756
2479	2993	0.9435263
2646	2307	0.9436885
481	2052	0.9437926
2064	1223	0.9438405
1636	1801	0.94388896
3581	3288	0.9441949
3662	3463	0.9443681
1234	3653	0.94532007
2609	2019	0.9453766
3295	3748	0.9456187
3405	2637	0.9465679
2091	2394	0.9468839
1725	2153	0.94839036
1265	2245	0.9485346
542	656	0.94888294
3063	1372	0.9489794
888	990	0.949901
1811	1099	0.9501026
1963	3077	0.95074373
3452	2937	0.95098966
2592	1994	0.9525642
2674	3462	0.95261604
2068	2872	0.9530073
1035	1424	0.9532181
2776	2171	0.95359194
2681	1552	0.9538755
2229	1480	0.95413065
2705	3359	0.95581055
2911	3035	0.9559095
516	260	0.95592594
2351	976	0.9561453
774	713	0.9564633
1439	1733	0.9565346
398	426	0.9568021
2458	1180	0.9569458
2181	1626	0.9571067
1554	532	0.95714974
3096	2481	0.9572352
732	1054	0.9572429
2357	2916	0.95771635
1756	1513	0.95801616
1702	2428	0.958405
2917	3004	0.95869935
2677	1905	0.9589933
2266	2557	0.95938516
1672	491	0.9595512
1611	1399	0.95979595
3603	2752	0.95982003
2747	2829	0.9598633
2128	2120	0.9602037
2630	1398	0.9606339
2779	1604	0.96079445
1289	2925	0.9610749
3382	2706	0.9612545
3156	2732	0.96153647
1266	3178	0.96193886
1287	1766	0.9623745
1953	1319	0.9623867
2326	3230	0.9625368
906	271	0.9625683
515	1608	0.96276873
3783	2173	0.963409
808	3003	0.9637023
2327	2948	0.9637263
3503	3422	0.9638459
736	1138	0.96424186
2575	3029	0.9645297
1722	2844	0.9645821
1658	2864	0.96495426
2689	2876	0.96504474
662	1890	0.9651338
2031	1565	0.9653208
921	2838	0.9654326
3047	3248	0.9656099
1542	904	0.96574575
3182	3372	0.9658479
3468	3851	0.9661582
875	1129	0.966457
2141	1689	0.966715
1728	552	0.96678823
2537	1635	0.96711963
1855	1681	0.9675277
1874	996	0.9686421
2632	2291	0.9689259
2719	1146	0.96900845
611	133	0.9695319
1792	1742	0.96954405
3108	1712	0.96983474
1481	161	0.96988523
3780	3565	0.96991664
1898	1650	0.96992505
3250	2127	0.9703726
3333	2157	0.97047603
3517	1494	0.9706362
3376	2013	0.9707103
2330	913	0.9707182
1019	3225	0.97119737
972	578	0.9712378
444	110	0.97127295
3821	2183	0.97161335
3397	2090	0.97173613
1496	198	0.9717496
437	1091	0.971959
3025	1960	0.9723844
2352	3411	0.9724136
3525	3141	0.97320694
1010	1718	0.973381
3650	3814	0.97340643
2602	540	0.97391164
3588	2385	0.9745589
1849	1208	0.97458863
1159	889	0.9747442
3087	3094	0.97474945
1061	629	0.9750638
3229	1490	0.97510403
3375	3808	0.9751844
682	587	0.9756779
3341	2063	0.9758515
2047	2708	0.9765972
3389	2100	0.9767511
1345	2342	0.9767957
1108	1489	0.976853
2629	2863	0.97753465
3500	3030	0.9778655
222	2458	0.97854036
2749	3044	0.97862065
2039	859	0.9792435
1272	1723	0.97956896
3555	3717	0.97971606
33	197	0.9811084
2760	1947	0.98122424
294	350	0.98140454
1405	2622	0.98158383
3222	2629	0.9816499
3557	3000	0.9817569
2040	1781	0.9818087
953	296	0.98201865
1717	732	0.9824859
2549	2598	0.9831021
3254	2820	0.9831373
3611	3198	0.98314464
1045	471	0.9833332
1447	1999	0.9833925
3388	3039	0.98360705
3550	3020	0.98380065
3081	3620	0.98424757
799	393	0.984478
3294	3458	0.9846505
2174	1408	0.98467314
1288	1048	0.9850361
3194	1974	0.98532015
1651	1627	0.98534065
1503	1902	0.985408
2324	3434	0.98594314
802	1682	0.98691803
2326	3080	0.9877049
2514	1591	0.9880034
814	953	0.988314
2728	1950	0.9886158
2451	3577	0.9894919
1137	3106	0.9895922
3095	2106	0.9898732
1998	1503	0.99013555
2788	3088	0.99027044
612	984	0.9911808
987	382	0.9912359
3211	2420	0.991541
3831	2240	0.9916737
2287	3152	0.9921108
699	2234	0.9926332
3524	2782	0.9931191
298	735	0.9931214
2804	3576	0.99412113
833	1754	0.9942721
1665	1079	0.9944824
1276	1577	0.9952759
494	415	0.99570835
1527	2121	0.9957851
1515	519	0.99580735
2830	1989	0.99587965
1901	2246	0.99589735
2242	1834	0.9960091
3604	3112	0.996339
2102	1501	0.99686176
1952	2281	0.9969859
2104	2041	0.9971891
517	702	0.99721986
2800	3269	0.9972506
2530	1617	0.9973136
1669	1413	0.9977834
2497	2879	0.99780697
1450	1606	0.99781895
2576	1402	0.9978938
307	1449	0.9981287
3149	216	0.99850726
1802	1580	0.999013
2129	3788	0.99976987
2781	2978	0.99977535
2924	3159	0.9999524
1058	2175	1.0000821
3648	3728	1.0003531
526	511	1.0003933
3297	3048	1.0006227
3389	3684	1.0009975
1059	2077	1.0012984
1934	1725	1.0013396
340	437	1.001691
2869	1957	1.0017645
2791	1486	1.0019494
1505	1442	1.0021051
1395	2792	1.0021105
1190	1467	1.0022877
1920	1611	1.0023268
1354	1107	1.0023758
103	843	1.0033324
1287	1113	1.0033398
2125	1678	1.0033748
1628	1903	1.0039101
2276	2269	1.003965
2945	3770	1.0043806
2959	2682	1.0045148
2422	870	1.0047157
1979	2379	1.0047891
1233	1474	1.0050151
3052	2965	1.0054557
2930	3749	1.0058011
3616	3530	1.0059652
2389	1435	1.0067513
3049	2691	1.006943
3704	2985	1.0070926
3334	2233	1.0071368
2035	1768	1.0072924
3054	2903	1.0075995
2408	3714	1.0078182
3911	1605	1.0078965
1698	644	1.0082413
2919	1933	1.0083013
1990	3435	1.0084486
613	1242	1.0084518
3629	3564	1.008462
1011	2373	1.0085344
3536	2400	1.0086205
3137	3556	1.0088851
1066	1296	1.0093195
3311	3645	1.0094199
3423	3545	1.0096214
686	836	1.0100002
2524	934	1.0100952
1812	2815	1.0101506
2846	3294	1.01029
3818	3677	1.0112681
1353	1799	1.011543
1607	1006	1.0115495
1674	3065	1.0116295
3488	3575	1.0117735
1805	1255	1.0118759
2917	1661	1.0120313
3258	3342	1.0122901
3801	1230	1.0125976
411	1077	1.0130281
930	154	1.013045
624	1498	1.0130663
2932	3025	1.0132911
2519	1232	1.0134467
1914	2850	1.0137584
3362	2547	1.0140233
1778	2421	1.014764
2088	2248	1.0150932
2471	3408	1.0153712
2042	2971	1.0155627
2771	3176	1.016047
2161	2203	1.0163088
3219	3787	1.0166221
2891	2855	1.0173242
802	607	1.0187435
1570	3353	1.0188257
3443	2730	1.0189108
1885	1369	1.019256
1648	1703	1.0197854
2654	1194	1.0201184
914	243	1.0204608
2387	2045	1.0207093
910	1406	1.0208566
952	2847	1.0223188
2126	3110	1.0225713
1702	3527	1.0230776
468	324	1.0231893
2975	2640	1.0232493
334	253	1.0235381
723	1225	1.0237749
1110	1363	1.0238782
1992	1913	1.0243574
3416	3471	1.0247461
3335	1805	1.0247941
3282	3037	1.0249494
2943	2656	1.0251746
3059	2050	1.0252466
803	1403	1.025951
3467	3858	1.0259546
3399	3433	1.0262785
3406	2802	1.0264843
3442	2885	1.0266112
1958	730	1.0268542
2660	3590	1.0273216
887	1189	1.0275002
674	251	1.0276666
2489	2565	1.0281587
1251	780	1.0283306
1233	1384	1.0288675
3639	3610	1.0293303
1451	515	1.0297449
2287	2741	1.0298365
2228	2502	1.0299567
2117	1341	1.0303056
2542	2520	1.0305307
733	454	1.0308876
2671	2666	1.0309219
3438	2868	1.0309551
1956	1970	1.0309899
1162	908	1.0310302
70	351	1.0315777
975	651	1.0320385
3635	3461	1.03226
1002	2132	1.0330344
3381	1266	1.0330741
312	270	1.0332689
972	1038	1.0337846
3202	2068	1.0339092
3909	3786	1.0340127
3450	3793	1.0341176
772	2905	1.0342841
3239	3827	1.0349073
2556	3783	1.0351578
3693	3696	1.0352153
2870	2627	1.035549
3223	2809	1.0359844
3884	3692	1.0359885
3028	3265	1.0360887
2025	1842	1.0364891
3207	3233	1.0365808
2881	1923	1.0366964
3182	1987	1.0367986
2935	1035	1.0369626
1651	1876	1.0371503
2031	2386	1.0373213
3822	1563	1.0374368
1168	570	1.037471
2632	1844	1.0378063
33	411	1.0381374
3266	3040	1.0383115
682	342	1.0387384
3898	3784	1.0387573
3163	1544	1.0387696
2491	3189	1.0388744
3563	3493	1.0390426
3383	3430	1.0395792
2398	1533	1.0397816
788	711	1.0398616
2953	3584	1.0399655
103	1376	1.0399696
3235	2875	1.0401015
3148	3395	1.0401576
1234	501	1.0407504
1872	398	1.0410728
2253	1790	1.0412102
970	888	1.0413512
1816	517	1.041589
3521	3260	1.0417225
3902	3919	1.0419112
795	1677	1.0419346
1415	1003	1.0423633
2775	3517	1.0423771
3444	2503	1.0432379
1809	1368	1.0434754
2600	2324	1.0436368
3818	3799	1.0438628
2348	1736	1.0438799
2687	2027	1.0441252
1697	937	1.0443443
3828	3243	1.0448701
2617	2573	1.0455883
1686	362	1.0456246
1061	2404	1.0457407
603	1235	1.0461891
3073	1787	1.0465255
2819	1758	1.0466518
2344	3543	1.0471549
2768	1832	1.0472672
2330	614	1.0472957
1236	1907	1.047515
3137	1761	1.0476619
1322	428	1.0477058
2548	2910	1.0479829
802	664	1.0483811
388	927	1.0484595
1063	1473	1.0485396
1499	335	1.0486239
3016	2836	1.04898
1663	1813	1.0496271
3041	2994	1.0497794
1274	3261	1.0498474
956	1333	1.0500753
3698	3573	1.0506656
1567	1574	1.0508593
3699	2282	1.051702
761	782	1.0517371
922	1393	1.0517669
947	906	1.0519462
3156	2163	1.0522828
3593	2610	1.0525478
1383	416	1.0527956
481	2422	1.0530162
3611	3581	1.0531948
1281	2638	1.053587
3604	1889	1.0539185
1949	894	1.0543991
3671	1961	1.0544006
1157	1108	1.0548916
589	26	1.0549576
2564	2143	1.055237
1039	2604	1.0556555
2856	3327	1.0557818
633	1417	1.0560225
2378	1359	1.0565104
2236	1665	1.0565604
2947	3846	1.0571511
3819	3405	1.0577133
689	1515	1.0580546
1980	1874	1.0581415
3512	3352	1.0584798
947	3019	1.0587453
2316	2793	1.0588266
3211	3028	1.058979
1634	1177	1.0594649
3477	2170	1.0595363
1820	2235	1.0595671
1370	1485	1.0596519
3026	3047	1.0598012
987	601	1.0600777
1178	1728	1.0600946
2544	2644	1.0610931
3904	3794	1.0616038
167	1614	1.0618747
921	2514	1.0620699
225	223	1.0627366
3314	3500	1.0631931
1185	3125	1.06377
2934	2226	1.0655806
811	2038	1.0661448
1707	2632	1.066303
309	1032	1.0665363
2177	3100	1.0668857
3087	2408	1.0674156
880	1451	1.0676161
741	402	1.0676901
2338	1777	1.067761
757	833	1.0681732
2571	954	1.0685062
1505	542	1.0693613
1454	1074	1.0700285
3049	3171	1.0700315
3596	2489	1.0701351
3781	3107	1.0710901
2311	2943	1.0711892
2003	2254	1.0712
2804	2549	1.0715258
1998	2136	1.0718553
857	1836	1.072043
3864	2891	1.0721714
825	620	1.0726036
2689	2434	1.0734978
1496	743	1.0741963
3453	2882	1.07461
2941	3377	1.074735
653	1778	1.0747998
1710	3388	1.0748167
2279	3460	1.0752932
3618	2858	1.0754752
1887	803	1.075897
2443	2652	1.0768766
2969	1158	1.0769038
1867	295	1.0779228
3792	3255	1.0781677
3099	2264	1.0783775
3706	3678	1.0788913
2145	1740	1.0790266
419	483	1.0790588
3680	3673	1.0795269
1562	1234	1.0795455
1647	74	1.0799044
2487	2726	1.0800533
2092	681	1.0803223
796	422	1.0807481
2161	2585	1.080785
808	1983	1.0812644
3822	2690	1.0814943
2348	2186	1.0820671
819	879	1.0822039
3511	3417	1.0842202
3297	2991	1.0843041
774	881	1.0845566
3355	3626	1.0850005
3479	755	1.0857749
2391	1078	1.0859058
2439	2556	1.0863032
3498	3219	1.086678
2135	3333	1.0867119
1576	712	1.087145
3375	3473	1.0871701
3239	2471	1.0871943
3354	3583	1.0872645
813	799	1.0874265
2326	2470	1.0878018
3872	3578	1.0894094
1954	1190	1.0903914
1150	443	1.0908062
1053	862	1.0909896
3257	3782	1.0912693
1061	1423	1.0914731
857	867	1.0920526
3612	3842	1.0920962
924	1727	1.0928006
1231	539	1.0928174
2798	2374	1.0931458
3519	3567	1.0936924
1534	2162	1.094296
1115	2449	1.0943145
3364	3560	1.0943669
3072	3212	1.0946972
2795	2635	1.0957509
2479	3593	1.0958402
2687	1631	1.0960747
3915	3768	1.0961943
1468	1856	1.0964149
2091	1695	1.0965859
1921	1558	1.0970451
1792	1404	1.0972303
1289	848	1.0974523
3175	1441	1.0975342
1593	1996	1.0979637
3385	3227	1.0986829
1285	2255	1.0999599
1909	3819	1.1001694
1765	3335	1.1002985
812	762	1.1008472
1959	3317	1.1010387
3204	2609	1.1010472
337	255	1.1014504
1817	2773	1.101489
3647	3278	1.1015807
797	3544	1.1016357
3324	3137	1.101728
1702	1812	1.1019042
3704	2444	1.1025155
2496	1927	1.1026555
3521	3484	1.1027502
3423	2788	1.1032333
3202	2800	1.103333
2174	1855	1.1033697
1066	736	1.1033733
3252	3710	1.1034085
2738	3541	1.1034938
2401	2575	1.1036465
2959	3126	1.104207
1731	1820	1.1042347
1124	2297	1.1059225
3052	3102	1.1062984
3750	3802	1.1064873
2672	1776	1.1075038
972	563	1.1076772
3157	3469	1.1082273
222	3841	1.1086195
1780	1730	1.1086984
1191	2950	1.1087507
1321	801	1.1104642
1871	1314	1.1107736
3859	1953	1.110995
3343	3247	1.1113664
1846	516	1.1118367
1918	3216	1.1124316
2093	1585	1.1127474
3231	3641	1.1128576
2178	2151	1.1130022
3360	3679	1.1135441
1043	2004	1.113623
582	985	1.1144967
2570	2466	1.1145827
598	2330	1.1146501
1649	1560	1.1148467
2689	2228	1.1149541
2596	1802	1.1151723
2344	2977	1.1159621
2729	1658	1.1162733
3796	3624	1.1164349
3279	3731	1.1164591
1287	2442	1.1166711
3588	3254	1.1168607
3849	3705	1.1171945
3344	3499	1.1183923
3894	3918	1.118608
2660	3166	1.1196971
2877	2567	1.1201735
3173	3562	1.121127
3293	1796	1.1219078
2519	2263	1.122324
2267	2067	1.1224358
1186	1258	1.1226021
2551	2042	1.1227672
1828	1382	1.1233298
1206	2419	1.1238747
3268	2025	1.1243281
1971	933	1.1248772
2776	3494	1.125253
1600	1059	1.1255096
689	1213	1.1255786
2518	877	1.1257535
3192	2956	1.1258032
2355	815	1.1272976
1019	823	1.1273866
3586	3504	1.127662
3733	3603	1.1283315
612	1256	1.128373
3240	1956	1.1287887
3507	3346	1.1299822
3774	3736	1.1304134
2980	2031	1.1310662
2089	1684	1.1314905
2904	2026	1.1315033
3356	2525	1.1320289
1154	1162	1.1321573
3334	3825	1.1323965
2801	525	1.132602
1641	1966	1.1326642
1295	1541	1.1329887
1937	481	1.1330519
2244	1877	1.1332763
1583	1540	1.1337105
3698	1964	1.1340202
2761	1663	1.1346787
2693	662	1.1349187
2936	1482	1.1356497
3553	2198	1.1357124
1354	1164	1.135881
1247	1227	1.1365843
1567	902	1.1372992
2000	1207	1.1375105
1110	1353	1.1375238
3234	884	1.1378372
2296	2646	1.137919
3602	3211	1.1384046
1578	2830	1.1385369
3824	3008	1.1389215
1290	1726	1.1391139
3904	3838	1.1394622
3347	1570	1.1398385
2938	1636	1.1401546
2911	1941	1.1404235
3860	3297	1.1409466
3345	468	1.1410526
2147	3526	1.1415849
2914	3428	1.1423354
3741	2923	1.1423712
2080	814	1.142997
3446	2983	1.1433051
3026	1722	1.1434766
1031	1159	1.1441422
818	444	1.144559
535	647	1.144612
886	947	1.1454494
1864	1569	1.1455075
3296	3740	1.1456566
2357	2014	1.1462399
676	555	1.1468976
3108	1440	1.1475855
2749	2350	1.1476526
686	970	1.1479766
3720	3525	1.1480967
3314	3857	1.1486217
1968	2727	1.149002
3382	3057	1.1493989
2414	705	1.149899
1952	2232	1.1500812
3701	2714	1.1511227
3667	3514	1.1511823
2846	2497	1.1516292
2779	1058	1.1516706
353	1170	1.1530488
3480	3129	1.1531055
1920	1285	1.1538566
2888	3442	1.1540828
1361	1872	1.154089
1845	1385	1.1541611
1810	2102	1.1548367
3536	3537	1.1556258
1316	2753	1.1556952
1865	2760	1.1557044
1542	1937	1.1561717
334	1554	1.1565692
2064	1351	1.1572918
1594	1157	1.1576796
2814	3244	1.1581398
1963	797	1.1581713
2679	2932	1.1584908
2941	1492	1.1587167
313	373	1.158894
1010	2145	1.1598278
2459	1981	1.159963
3012	3073	1.1600821
1168	825	1.1601127
3436	3518	1.1601965
1809	639	1.1603609
1942	841	1.1606095
419	294	1.1606469
2737	2832	1.1606534
991	1394	1.1608574
3874	2331	1.161465
3606	3142	1.1614971
3153	3062	1.1620746
2761	1706	1.1627585
3853	2764	1.1628842
871	1450	1.163125
2091	2125	1.163347
3805	3922	1.1638217
1475	2693	1.1638336
2316	1911	1.1641632
3182	2804	1.1641945
3156	2491	1.164352
3658	2822	1.1646827
827	436	1.1649389
2426	2185	1.1651886
3373	3399	1.1660436
2938	1780	1.1660497
2934	2795	1.166188
3848	3931	1.1679188
3193	3860	1.1680113
1176	1174	1.1692395
2675	2541	1.1695154
2786	1875	1.1695956
3534	2947	1.1701963
930	321	1.1714919
2723	3604	1.1717516
2641	2542	1.1720369
2092	2854	1.1721923
3354	2040	1.1729596
3268	808	1.1734902
3453	3161	1.1739305
2319	3133	1.1750022
1934	1098	1.1750315
388	613	1.1754408
2592	3704	1.1755173
2617	2653	1.1755959
3237	2998	1.1760602
3362	1885	1.1764667
3188	3551	1.1766337
2029	1788	1.1767068
3629	2344	1.1767763
3197	1914	1.1780301
2564	2168	1.1781731
880	598	1.1784884
1233	741	1.1785011
1562	222	1.1792785
2602	2935	1.1793704
1251	103	1.1794786
3067	3821	1.179515
3276	2082	1.1800207
2660	3745	1.1802076
2729	3658	1.1802549
788	1936	1.1804488
1607	761	1.1805918
3222	3762	1.1810914
3621	3420	1.182443
2659	3015	1.1825775
2208	1444	1.1827157
2029	2351	1.1827462
3363	2387	1.18383
3755	2492	1.1841214
3826	3798	1.1860278
3563	2988	1.1861221
3281	2309	1.1863407
3659	3856	1.1873783
3192	3204	1.1875774
2840	2311	1.1878545
1632	1415	1.1880621
494	152	1.1880622
2215	2870	1.1882778
3886	3925	1.1891137
2634	1000	1.1891599
3599	3639	1.1901487
2117	1898	1.1910479
1329	2015	1.1918306
2834	3671	1.1921165
1686	446	1.192127
3196	2684	1.192426
3423	2161	1.1927729
3546	3207	1.1941108
2816	2476	1.1942127
3184	2942	1.1943756
1265	840	1.1946483
624	802	1.1955462
2088	3063	1.1957879
2089	1976	1.1960754
1698	1140	1.1965137
2596	1288	1.1971016
773	819	1.1987273
1124	2671	1.1987323
2401	2982	1.1987689
3864	2352	1.1994884
1696	1869	1.1995401
3445	2305	1.1997045
3926	3903	1.2013875
2135	1633	1.2022288
3160	2781	1.2030703
921	1731	1.2031833
1887	556	1.2032032
3081	3743	1.2034966
2147	2279	1.2036847
1628	1061	1.2045236
2930	3235	1.2053508
1274	1662	1.2059569
1573	2259	1.2062539
3326	3534	1.2063863
3464	1959	1.206906
3599	2326	1.2079846
3617	2681	1.2085855
3354	2439	1.2085906
2600	2679	1.2087169
3023	2479	1.2094574
3194	2757	1.2095164
2856	1405	1.209566
2357	3139	1.2097989
2522	1847	1.2098302
2951	3513	1.2099404
686	307	1.2100202
2721	2413	1.2107127
2979	3226	1.2108656
1909	1702	1.2109957
1373	199	1.2111794
2062	2306	1.2112393
2229	665	1.2114438
3837	3781	1.2115685
3319	3497	1.2116363
2268	1763	1.2117552
3026	2997	1.2120157
3521	3611	1.21348
2376	1710	1.2135038
1387	1166	1.213595
3693	3021	1.2152312
624	3859	1.215255
3061	3016	1.2160772
2376	1153	1.2164762
2808	1795	1.2167027
603	1178	1.2167714
2097	1028	1.217144
2347	2276	1.2174621
1816	952	1.2180058
3552	1431	1.2185714
3095	2191	1.2187042
3738	3809	1.218716
1063	975	1.218953
1598	781	1.2191517
795	1811	1.2196097
3729	2544	1.2199726
3750	3456	1.2200443
2589	876	1.221096
3766	3242	1.2211082
2687	3268	1.221676
1416	2835	1.223452
3682	1095	1.2239686
3240	2287	1.2239978
2180	3096	1.224407
1576	972	1.2248515
982	507	1.2253988
1514	679	1.2254947
887	685	1.2260054
3596	3443	1.2260098
2893	2177	1.2262186
456	1496	1.2262859
3151	3691	1.2269338
2628	2881	1.2270526
2506	3559	1.2271364
2009	2895	1.227491
2130	796	1.2279996
2576	1716	1.2281688
494	682	1.2287923
337	1334	1.2294482
3099	2253	1.2302536
1289	1949	1.2309829
2601	2035	1.2310615
3051	1817	1.2311156
3010	2496	1.2316736
1011	3890	1.2321535
3880	3776	1.2325354
3608	3822	1.232878
2645	3835	1.2347043
2593	1928	1.2349367
224	202	1.2349935
1594	2761	1.2353607
383	674	1.2353886
3529	3661	1.2355688
3322	2886	1.2359128
1578	2694	1.2361109
1373	167	1.2372583
3052	1920	1.2375996
3108	3163	1.2377046
2181	2006	1.238095
2495	2174	1.2382165
676	1233	1.2383912
1422	3389	1.2386049
1917	1991	1.2387874
3117	3489	1.2398202
2846	3464	1.2399124
2519	1378	1.2405045
3135	1463	1.2413874
3258	2242	1.2416697
818	1481	1.2416718
1992	3421	1.241673
2945	3231	1.2426872
2345	2302	1.2431319
3195	2778	1.2439559
1714	313	1.2443106
2160	2206	1.2443268
3588	3606	1.2450198
1759	2643	1.2450507
3007	3630	1.245215
698	1390	1.2458535
3188	3406	1.246177
3779	2758	1.2468035
612	910	1.2468045
3229	1100	1.2469401
1756	1901	1.2472014
2969	1185	1.2478467
2169	1002	1.2479274
3122	2924	1.2479794
2003	2718	1.2483389
1345	1053	1.2485702
2018	1220	1.248693
3320	2776	1.2495315
1534	2980	1.2503765
1975	2425	1.2504237
2922	2685	1.2506126
2126	3446	1.2506261
70	339	1.2514923
2007	2107	1.2516508
3272	3252	1.2519206
3719	2551	1.2541935
2738	3250	1.254264
3010	1272	1.2545087
3061	2974	1.2547023
977	1068	1.2552615
3149	582	1.2562997
1070	1519	1.2563016
340	33	1.2564098
2654	3119	1.2564452
2645	3602	1.2573768
2689	2709	1.257817
1538	733	1.2595017
334	1816	1.2598189
1659	2921	1.2598436
2791	3192	1.259943
1717	1031	1.2602627
2267	3043	1.2605994
3767	3475	1.2607012
2080	1224	1.2608473
3140	3280	1.2610439
1593	1321	1.2616484
2548	2000	1.2619195
1770	1576	1.2619476
3390	3072	1.262105
3777	3401	1.2637832
1739	1361	1.2639885
2729	1748	1.2640034
2029	2147	1.2644589
723	1063	1.2645744
414	526	1.2647966
2798	2424	1.2648356
1343	2389	1.2677486
3251	3894	1.2680495
1144	435	1.2694227
3834	3848	1.2695711
3379	2376	1.2699028
1439	1475	1.2699382
2129	699	1.2701663
3305	3224	1.2710003
3279	3067	1.2715904
1454	757	1.2721272
3087	3587	1.2721274
3085	3837	1.2723415
3881	3638	1.2723678
3397	2223	1.272868
1968	1269	1.273421
857	1306	1.2742898
1468	774	1.2743043
2064	689	1.2745212
3311	3148	1.2748188
3898	3689	1.2769617
1897	2348	1.2773681
2390	1231	1.2779908
2783	3365	1.278416
1924	1534	1.2785145
880	1998	1.2792107
1934	1279	1.2803248
1666	1849	1.2804444
3375	2877	1.2806412
70	419	1.2816504
1828	1774	1.2821422
1601	2571	1.2830012
3257	2677	1.2832847
653	371	1.2833672
3550	3623	1.2836373
3364	2659	1.2836931
921	1110	1.2838988
225	788	1.2847481
2597	2088	1.2855128
1226	956	1.2861352
603	987	1.2864192
1808	1822	1.2882974
753	1247	1.2887292
3524	3385	1.2887824
3182	3596	1.2910377
2780	2747	1.291412
2722	1412	1.292864
1303	388	1.2931397
2398	2771	1.2931514
3801	2023	1.2935811
914	1846	1.2942417
2391	1027	1.2945386
1322	1980	1.2945722
2093	2007	1.2964556
3418	3833	1.2966632
2749	2212	1.297307
3681	2688	1.2979693
3895	3239	1.2981908
3716	2890	1.2984859
1010	3180	1.2990117
358	930	1.3019704
1392	2347	1.3021747
3187	2631	1.3024261
2768	2402	1.3033229
2705	2856	1.3033518
2675	2128	1.3045954
3099	1707	1.3057432
3774	2487	1.3057755
3561	1623	1.3066609
2740	3477	1.3067231
2091	2180	1.3074145
1866	2819	1.3076375
3746	3923	1.3095212
633	1355	1.3096622
2261	949	1.3102232
1462	900	1.3105892
3362	1904	1.3109648
3303	2274	1.3111213
857	2403	1.3115091
3360	3324	1.3120221
3926	3908	1.312954
1916	624	1.3130375
3468	2215	1.3135273
789	2576	1.3135729
3347	2626	1.313613
3831	2124	1.3137313
1674	2378	1.314309
1505	2353	1.3158141
3686	3777	1.3163936
1750	1383	1.3167125
3913	3879	1.3167639
1229	2589	1.3174125
3663	3849	1.3189349
1955	2409	1.3192309
1909	1765	1.3207576
2749	1011	1.3214364
3050	1289	1.3214712
3547	3791	1.3216648
2945	3222	1.3217493
2689	2729	1.3225118
3382	2779	1.3229367
2791	3175	1.3234581
3780	3507	1.3241587
2117	1326	1.3242507
1251	1562	1.325568
3160	2593	1.3255699
2893	2380	1.3256115
3915	3763	1.3259256
2888	3122	1.3262773
2338	1669	1.3273246
752	834	1.3276465
3734	2840	1.3281296
2169	1634	1.3283931
1924	3240	1.3285782
1276	1958	1.3288745
1938	3617	1.3293223
2398	3381	1.3298035
2957	3115	1.330313
3444	1857	1.3304471
3118	2443	1.3314731
2953	2783	1.3320832
3845	3747	1.3325138
3521	3202	1.3328693
3379	1649	1.3329661
3320	1395	1.333907
3170	1274	1.3341788
3237	3670	1.3348749
2296	1915	1.335285
3437	3383	1.3354182
1867	1809	1.3355023
2721	922	1.3365949
2130	1717	1.3367065
2975	2524	1.3374228
3229	1527	1.3384478
2780	2532	1.3392808
831	2159	1.3394383
3885	3937	1.3412156
3719	3363	1.3433619
3319	337	1.3434638
1962	3755	1.3440096
2951	3760	1.3448423
3343	2705	1.3455786
2538	2244	1.3457025
3326	2660	1.3459904
2047	3454	1.3465207
1926	1365	1.3468869
3266	3193	1.3472233
3796	3158	1.348105
2787	2327	1.3481982
1942	1133	1.3490076
3311	3334	1.3496473
1045	653	1.3507198
225	3149	1.3514332
1290	3092	1.3520803
2518	2213	1.3525703
773	676	1.3526781
1206	603	1.3529636
1137	1865	1.353664
3680	3467	1.354289
831	1007	1.3554238
1016	1066	1.355598
2519	2919	1.355894
3524	3828	1.3561825
1887	2076	1.3563999
3690	3792	1.356478
3360	2478	1.3588256
1459	2117	1.3588728
3686	3348	1.3592494
2230	2563	1.3593299
456	1583	1.3594637
224	818	1.3618389
2268	1141	1.3622953
3779	2450	1.3628793
3515	1946	1.3641578
3397	3486	1.3641897
2612	3121	1.364717
2738	3354	1.3651898
3839	2670	1.3662013
3750	3476	1.3674341
2397	2723	1.3685935
2618	3729	1.370183
1990	2160	1.3705305
1963	2828	1.3713199
2001	383	1.3714176
1499	1154	1.3719796
1578	1674	1.3725245
875	1770	1.3726553
2451	886	1.3728652
1651	1299	1.3730268
2768	3358	1.3731083
2499	3703	1.3732406
1446	23	1.3734457
3081	3452	1.373994
3298	3488	1.37404
3810	2275	1.3744863
3867	3296	1.374534
3872	2560	1.3749645
3480	3655	1.3750467
3099	2181	1.3764768
2945	2769	1.3768737
3416	1422	1.3785799
1954	3010	1.3787742
3425	2801	1.3792515
3050	1567	1.3806815
1265	1542	1.3806945
2375	3156	1.3807998
2750	3229	1.3809633
3350	3325	1.3820604
2600	3052	1.3829083
1924	2846	1.3835311
2775	3258	1.3843004
1632	193	1.384596
1345	2236	1.3848855
2381	2889	1.3875095
3179	2774	1.3878365
3629	3539	1.3879399
2316	3699	1.388086
1666	1644	1.3881003
2319	3741	1.3885858
880	723	1.3887206
3941	3914	1.3895186
1144	1759	1.3899577
2743	1672	1.3907001
3540	2397	1.3909179
2959	1866	1.3915069
3249	1191	1.393454
3479	1251	1.3951262
2537	2495	1.3960955
2602	1505	1.3977289
3257	1019	1.3996742
753	795	1.4021634
3362	3599	1.402717
3503	3612	1.4041696
1673	2969	1.4042361
2934	2548	1.4054343
2834	3909	1.4063123
1828	1512	1.4063787
1397	1150	1.4086819
1370	2064	1.4088246
1607	1647	1.4091437
772	1281	1.4094496
3498	3085	1.4095176
2596	827	1.4105506
3785	2534	1.4105743
1750	659	1.4106798
3182	3005	1.4107194
921	1934	1.411001
3636	3663	1.4113759
2654	3109	1.4113784
1139	557	1.4120208
1598	2129	1.412443
3805	3733	1.4143372
3898	3516	1.4157779
3061	1968	1.4157845
1783	2357	1.4163026
2280	2630	1.4168599
2687	2719	1.4176853
2062	3716	1.4213763
3437	3355	1.4228537
3162	3170	1.4230505
3356	3397	1.4235765
1168	2001	1.4240167
1864	1573	1.4243839
3307	2340	1.4244336
3341	3588	1.4248127
1524	2866	1.4261463
3266	3468	1.4262764
1598	871	1.4264964
3523	3188	1.4265949
3328	1845	1.4268225
3621	3423	1.4276077
2721	1261	1.4278026
2398	2749	1.4278294
3586	1952	1.4280466
3447	2123	1.4298568
2597	3049	1.4307727
3284	1387	1.4309126
1859	939	1.4320613
2355	1792	1.4320925
1303	1295	1.4347618
3184	1600	1.4348032
2086	1265	1.4348586
1698	1917	1.4353479
1322	2080	1.438283
2345	3023	1.4393582
887	633	1.4405563
3373	3336	1.4409341
1916	914	1.4411447
2934	1909	1.4411573
1082	1276	1.4420003
1287	1871	1.4422756
3830	3904	1.4425397
2733	2740	1.4426817
1686	494	1.4427872
2401	3418	1.44351
1756	3322	1.4441534
334	1439	1.4455078
1206	3234	1.4473394
1462	1186	1.4492426
3194	2431	1.4503495
2808	812	1.4503595
3913	3927	1.4510176
1632	390	1.4510852
2592	3382	1.4525222
2092	1586	1.4538852
3378	2135	1.455117
2986	1882	1.4552349
1850	1043	1.4570448
3701	3608	1.4571722
2981	3453	1.4576213
3713	2901	1.4587843
2964	2130	1.4591466
1531	1416	1.4594557
3511	3597	1.4611559
3531	2634	1.4620029
2817	2133	1.462318
2915	3492	1.4633946
2451	298	1.4635407
3817	3182	1.4639536
2647	2192	1.4641837
3555	2922	1.4652939
2062	3364	1.4654771
3659	3706	1.4657669
1581	1437	1.4662757
3911	2675	1.4666332
3813	3140	1.4681711
2798	3824	1.4695721
1979	2018	1.4697549
3524	3444	1.4706017
3934	3933	1.470897
2141	2954	1.471176
3356	2930	1.4714131
3059	1694	1.4731174
3319	3345	1.4733841
772	1329	1.4749308
663	2229	1.4766613
1601	3051	1.4767172
2617	1628	1.4768479
3479	340	1.4771024
2689	3586	1.479218
2266	3436	1.4801252
2459	1039	1.4808335
2468	3416	1.4821547
535	1252	1.4831002
3767	1388	1.4844823
3249	2945	1.4858766
2564	924	1.4868113
3884	3886	1.4877357
3546	3311	1.4879335
3812	3647	1.4886888
1504	1698	1.488857
3536	3314	1.4890492
353	686	1.4893135
2791	3379	1.4896777
1575	1854	1.4898059
1016	1538	1.4905652
2618	1010	1.4921676
1215	2182	1.4927447
2169	734	1.4933076
2600	3108	1.494553
1944	2093	1.49581
1887	2963	1.4971032
3330	3427	1.4971238
1659	1739	1.4977883
3863	3744	1.4983678
3810	3643	1.4993721
2737	1963	1.5004345
3445	2914	1.5011758
3698	1673	1.5012766
3344	3081	1.5015218
1468	1303	1.5016098
3373	3450	1.5020941
2725	3282	1.5029335
3662	1373	1.5035237
2938	2338	1.50396
3648	3621	1.5045118
2086	2687	1.5054585
2522	589	1.5070858
2814	3438	1.5080906
1625	1593	1.5081193
2047	2911	1.5111849
3160	2981	1.5135694
875	1594	1.5139394
3561	1411	1.5145751
3681	2959	1.5151873
789	1756	1.5158554
3343	1651	1.5161775
2009	3012	1.5166469
1884	1499	1.5176469
991	1045	1.5187023
3540	612	1.5213453
3635	2902	1.5213507
2934	921	1.5236841
1686	358	1.5238235
3864	2738	1.5241052
3682	2416	1.5264485
3298	3498	1.5269326
3185	3552	1.527125
3279	1924	1.5279728
3618	3872	1.5284352
3512	3880	1.5308583
3840	3351	1.5316081
3883	3557	1.5322074
982	312	1.532344
1343	880	1.5325688
1556	1454	1.5335507
3341	2375	1.5348585
2296	2029	1.5349412
1119	1229	1.5357668
1810	2169	1.5360984
2674	3629	1.5362296
2888	3257	1.5379738
3675	2468	1.539403
3103	2765	1.5396531
2499	2141	1.540808
3734	2538	1.5410892
3130	1070	1.5417802
2702	3118	1.5427535
2296	2427	1.54337
3483	2957	1.5440571
3503	3895	1.5443661
3701	3524	1.5446423
3266	2126	1.5448291
3135	2091	1.5455185
2672	3911	1.5467207
3877	1313	1.547885
3302	3817	1.5483449
3905	2678	1.5484223
3095	3099	1.5508558
3075	611	1.5508711
1696	1632	1.5511489
2807	2816	1.5546942
3712	3667	1.5551939
2787	3829	1.558164
3563	1755	1.55965
2426	2893	1.5599353
3648	3521	1.5600721
2451	353	1.5602022
2564	3831	1.5603576
2904	1864	1.5619105
1447	70	1.562213
1093	991	1.5622592
3305	2775	1.5626439
3713	2827	1.5663538
3320	3209	1.5683055
1697	1115	1.5684963
1808	1322	1.5718049
1539	831	1.573638
3750	2519	1.5745851
1828	3232	1.5764011
3157	2618	1.5782592
3368	2570	1.5783898
1358	1082	1.5785687
1714	456	1.5792248
1343	2964	1.5829407
1975	1137	1.5835034
3026	3536	1.583908
3898	3844	1.5863106
1524	2606	1.5866264
3056	2984	1.589239
917	1459	1.5894356
3197	3687	1.5895588
3523	3157	1.5896043
3732	1290	1.5900275
1641	2721	1.5903542
3739	3845	1.5917556
2062	1316	1.5930737
3932	2553	1.5931423
1345	1954	1.593359
2178	1464	1.594908
1938	1352	1.5965339
3519	3695	1.5969205
2941	2266	1.5970742
2600	3135	1.5991604
2736	3850	1.5993173
1093	1659	1.5994626
3038	1897	1.5998574
3360	3362	1.601071
225	813	1.6019357
2641	2938	1.6019448
1971	1884	1.6027677
753	414	1.602803
3326	2645	1.6030239
2674	1990	1.6032681
3320	3298	1.6038301
3834	3751	1.6057489
3550	3866	1.6070812
2733	3272	1.6071888
2261	3413	1.6072092
1783	2617	1.6073626
1280	535	1.6073711
3210	2880	1.6099002
1686	309	1.6103926
3902	3900	1.6105547
1992	2811	1.6111102
2722	2596	1.6174493
3437	3237	1.6177342
3662	1016	1.6185133
3774	3693	1.6236908
2602	1601	1.6239247
2796	1666	1.625233
1598	1625	1.6256497
1696	1607	1.6266547
917	875	1.6272825
772	2518	1.6272898
766	2628	1.6289994
3840	3531	1.6297395
3293	3064	1.6317866
2319	3249	1.6319157
2296	1287	1.6341846
2537	2089	1.6348727
3515	1578	1.6369578
3778	2654	1.6382121
3722	2543	1.6437174
1206	3801	1.6457331
2791	2934	1.6482741
3867	3897	1.6484334
2414	1514	1.651043
3785	3295	1.6519916
3675	1119	1.6528754
3151	2689	1.6531684
3153	3375	1.6532297
1370	2798	1.6538
2086	2722	1.6546836
1468	1226	1.6571672
3659	3686	1.6573564
663	2451	1.6585618
3917	3929	1.658806
3472	1973	1.6598835
3826	3681	1.6605229
752	698	1.660934
1962	2601	1.662064
2951	1918	1.6622274
1144	3479	1.6661994
3523	3061	1.6668748
977	2355	1.6670029
2488	2087	1.667564
1081	1073	1.6680592
2768	2433	1.6687044
3720	3864	1.6702123
2786	2003	1.6705278
3293	2750	1.6715721
1139	1750	1.6748099
887	1621	1.6754326
1524	1176	1.6773686
2692	2391	1.678128
3007	3779	1.6785274
3734	2807	1.6804748
2633	1345	1.6837155
3767	3657	1.6839173
2280	3184	1.6849306
2047	3795	1.6879811
2743	1531	1.6903578
2483	3540	1.691896
3891	3510	1.6942736
2506	3343	1.6945676
3719	3095	1.6957865
1491	2702	1.6960313
3356	3832	1.6992143
3680	3281	1.6996009
3151	3690	1.7000084
2009	3279	1.700097
2728	1810	1.7010348
3899	3812	1.7021825
3302	3326	1.7030139
1944	2345	1.7035193
3546	2674	1.7073561
3330	2319	1.7110114
2817	3360	1.7136403
2267	2592	1.7139585
3934	3939	1.7150681
2725	3390	1.7159683
3756	3196	1.7163558
2986	2092	1.716773
2208	3194	1.7167741
3901	3885	1.7175834
3701	3553	1.719034
2780	3356	1.7207869
1343	3563	1.7208217
2530	1916	1.7226546
773	1131	1.7257236
1504	1887	1.7272216
3480	2936	1.7293994
3153	3087	1.7300997
3054	3338	1.731966
1491	789	1.7329881
2612	2039	1.7351953
2737	2398	1.7352401
1206	982	1.735467
3883	3868	1.737835
3305	3091	1.7382107
2672	3038	1.740704
1304	1556	1.7407928
2555	575	1.7412744
3344	2817	1.7418991
1500	1215	1.742102
3151	1370	1.742182
1093	1971	1.7438881
1783	3636	1.748504
3637	3041	1.7497461
3648	2975	1.7520232
3378	3347	1.7530261
1447	663	1.7537187
3376	1648	1.7541704
3075	1446	1.7545658
2530	857	1.7548672
1358	2118	1.7578373
3050	3319	1.7610711
3941	3928	1.7617688
3659	3459	1.7623823
1500	2692	1.7643179
3874	2401	1.7664349
3223	2296	1.76722
917	1807	1.7681465
2097	1867	1.7684886
1641	753	1.7725536
2951	2600	1.7735475
3330	3445	1.7747321
3197	2633	1.7845621
1921	1139	1.7849605
2672	3515	1.786627
3293	2641	1.7868019
3251	3746	1.7888228
2892	2288	1.7900517
1686	1714	1.7924367
3734	2791	1.7928889
2888	3275	1.7934272
3210	3046	1.7941527
1598	3195	1.7953491
2904	3277	1.7967936
2818	3680	1.798029
2178	1979	1.7985538
3891	2979	1.7988654
3701	1124	1.8004999
1783	2381	1.801177
3659	3266	1.8026809
1942	2390	1.8032407
2426	3059	1.8045084
1397	917	1.8086447
3720	3305	1.8097011
3344	2009	1.8099469
2951	3648	1.8099715
3276	1579	1.8125156
3905	3117	1.813795
3780	3546	1.8158009
1343	225	1.8175081
3739	3863	1.8178949
3341	3719	1.8191527
1575	1491	1.8201203
1598	3316	1.8210326
2268	3675	1.8216397
1992	1392	1.8260198
1539	1144	1.8276508
2238	2499	1.8292278
3920	3884	1.8294784
811	3303	1.8295643
3790	2733	1.8307395
3757	3320	1.8320414
334	773	1.8349111
2941	3425	1.8412993
3834	3187	1.8424499
3218	919	1.8456204
2728	1783	1.8475305
2521	2097	1.8485391
2853	977	1.8510176
1962	2066	1.851286
2411	3775	1.8514704
2208	3197	1.8519014
3440	2787	1.8526227
2915	3173	1.8529694
2597	3910	1.8571174
3756	2834	1.861887
1358	3877	1.8620737
2513	1539	1.8668933
2104	2808	1.8720101
3826	2602	1.8722911
1975	2786	1.8732846
3796	3875	1.8734124
2986	3698	1.8760529
3672	3774	1.8765788
3818	3160	1.8771989
3503	2814	1.8780879
1944	2737	1.8795838
2564	2537	1.8820192
1462	923	1.8839209
3276	1581	1.8895018
2513	1168	1.8904505
2414	1280	1.8930066
3373	2086	1.8931439
3618	2588	1.8933837
3162	2506	1.8998848
1206	2530	1.8999754
3738	1468	1.9061587
1942	1500	1.9067817
3757	3376	1.91178
2951	3341	1.9134061
2953	3519	1.9165318
3292	3682	1.9175789
766	1343	1.9214313
3881	2904	1.9229295
3511	3529	1.9234133
3302	3874	1.9264488
334	1397	1.9285023
3491	1024	1.930984
2178	3373	1.9327564
1938	2238	1.9334488
3293	3162	1.9339268
3592	3213	1.9377195
3721	3750	1.9404123
2267	3818	1.9433264
3883	2047	1.9446392
3284	1504	1.9468671
1944	3487	1.9509908
1641	2612	1.9516531
2316	3767	1.9540169
3867	3899	1.9566914
2555	1697	1.9597852
3050	1598	1.9658152
1859	1479	1.9672277
1354	1203	1.9719483
3734	2483	1.973822
3780	1944	1.978036
3656	2768	1.9784582
3839	3007	1.9794637
2230	2521	1.9814895
3916	3810	1.9823939
1432	1202	1.9860226
3893	3368	1.9880675
3307	1962	1.9885304
2414	887	1.9908737
3659	3721	1.9922552
1447	3662	1.9946826
2426	2062	1.9960123
2411	2178	1.9972615
3920	3901	1.9999183
3026	3905	2.000145
1850	1696	2.0033207
3764	3331	2.005363
1888	2078	2.011898
2411	3734	2.0123413
2267	3523	2.0127368
2590	3328	2.015528
3766	2941	2.0156357
3616	3780	2.0173788
3811	3757	2.0188732
3932	3437	2.0235069
2280	3511	2.02738
1686	752	2.0349889
3616	2780	2.0368702
772	1641	2.0432804
3105	1975	2.0438104
3840	2208	2.048021
3223	1566	2.0564399
3853	2888	2.0564785
3330	3344	2.058428
224	766	2.0591226
3424	3292	2.0591898
2892	3103	2.0627112
1093	3561	2.0645695
3026	3151	2.0719118
1575	3105	2.0723333
3722	2672	2.0750265
3915	3873	2.076235
3592	3839	2.0777638
3130	1236	2.0825992
3066	3378	2.0863686
3223	3778	2.0867398
2280	3883	2.0879905
1828	2526	2.093038
1081	3276	2.0967417
3906	3785	2.0967884
3284	772	2.0976808
1938	3512	2.099348
1358	1093	2.108711
2414	2268	2.1099691
3659	2986	2.1102834
3056	2597	2.1140954
3701	2316	2.1152034
2564	1808	2.125741
2104	3050	2.1291552
3840	3813	2.1303704
3503	3811	2.1326563
3766	3826	2.138617
3765	2915	2.150951
2647	3440	2.1544747
224	1304	2.1545572
2853	3738	2.155822
3223	2926	2.1569936
2736	3656	2.1595683
3550	2728	2.1636333
3870	2735	2.1642013
3898	3210	2.1659944
3934	3926	2.171428
2459	334	2.1879294
2743	3218	2.187983
2426	3622	2.1888902
3881	3722	2.1963792
3732	3330	2.196415
3302	3726	2.1997857
3713	3179	2.2015333
1524	2853	2.2047403
3893	3790	2.2079074
3935	3930	2.2114878
1081	1462	2.2129848
3637	3447	2.215386
1850	1447	2.2192724
2796	2917	2.2232914
2892	2818	2.2238398
3906	3302	2.230315
2951	3056	2.2488585
1859	2104	2.2597651
3853	3701	2.2630184
1354	2488	2.277646
3891	3917	2.2850223
1938	2953	2.2860806
1921	528	2.2862802
3474	2358	2.2883224
1206	1859	2.2938192
3720	3906	2.2956145
2967	3223	2.2998338
2796	3307	2.3070457
3867	3555	2.3163996
224	1926	2.327186
2513	2459	2.3382208
3054	3424	2.3397212
1584	1850	2.3404822
1992	2036	2.3415554
2426	2564	2.348913
3881	3550	2.3536549
2951	1828	2.3576639
1686	2500	2.3622277
3483	3732	2.3631864
3805	3920	2.3649025
2414	2555	2.3677838
3893	3026	2.369592
3472	2230	2.3719387
2261	3153	2.3811822
3805	3796	2.381455
3840	2967	2.385114
2647	3483	2.3926227
3635	2647	2.3968828
811	3766	2.3991873
3618	2414	2.3997886
3130	1575	2.401071
3867	3834	2.4052992
2267	3503	2.417071
3862	3616	2.4327147
3672	3293	2.4404685
1921	1955	2.4408383
3635	2280	2.445977
1686	2513	2.4574518
3547	3764	2.4644458
224	2743	2.4720113
1524	1532	2.4791706
2522	3853	2.497181
2755	3472	2.4999871
3491	3862	2.5017533
2426	2411	2.5034096
3592	3659	2.5080528
1584	974	2.5134687
3893	3251	2.5352707
3130	3066	2.5524802
3852	3916	2.5715075
3881	3840	2.5795197
3898	1938	2.5805633
3491	2261	2.5832508
3893	3650	2.599469
2755	3876	2.618734
3932	3739	2.62863
3131	1524	2.6340857
2267	3350	2.6607661
3893	3480	2.666079
3618	2522	2.6706467
3865	3765	2.6800036
1358	2755	2.6933541
2736	2346	2.6935458
2892	3635	2.6950471
3672	3284	2.7202134
1354	1081	2.7306268
3893	2796	2.739013
2951	2426	2.742642
3754	3870	2.750814
3592	2590	2.755654
1358	811	2.7780674
3131	1206	2.7932842
1358	1942	2.8040519
3902	3805	2.8208106
2267	3637	2.8231497
3592	2892	2.8439267
3806	3756	2.84672
3712	1852	2.8492832
3861	3807	2.8890004
1584	3131	2.9281337
3720	3221	2.9638565
2736	3938	2.9682677
3893	3891	2.9728508
1686	1354	2.9821672
2869	3054	2.9855077
3145	3672	2.992114
1584	3185	3.0171168
3702	3892	3.0328376
3830	3924	3.0352712
3932	2951	3.0498729
1992	1432	3.077819
3898	3145	3.0825639
3592	3881	3.1019688
3491	3618	3.1414473
3754	3713	3.1936724
3893	1358	3.2199109
3902	3867	3.225852
3075	1686	3.2489846
3941	3935	3.3009214
3932	224	3.317307
1584	1888	3.342126
3806	3130	3.3558693
3915	3491	3.4331822
3547	3898	3.456186
3712	1992	3.493191
3852	3742	3.5564728
2267	3865	3.5692773
2736	3932	3.6131055
3547	3592	3.6511712
3075	1584	3.6729434
3934	3830	3.6866703
1921	3806	3.7468748
3712	2725	3.9389925
3754	3547	3.9419987
3702	3940	3.9422827
3913	3902	3.9463775
3474	3915	4.0954275
3754	2996	4.110542
3474	2695	4.156856
3893	2869	4.167304
2267	2736	4.3210955
3474	1921	4.3563952
3893	3075	4.612147
2267	3720	4.868135
3712	3852	4.9764757
3474	3754	5.0233374
3474	3893	5.8947954
3941	3474	6.6247144
3712	3861	6.989084
3712	3941	7.246716
3934	2267	8.162436
3913	3712	8.319831
3934	3913	8.999579
3934	3702	11.080025
