1568	749	0.023424912	3944
2459	2448	0.039999645	3945
522	1088	0.041064147	3946
3472	2811	0.041775044	3947
2862	1949	0.10454915	3948
3945	2411	0.107723914	3949
2165	3121	0.114909545	3950
3659	3801	0.12599276	3951
3065	2013	0.16934441	3952
1035	1978	0.18986297	3953
774	942	0.19305195	3954
3346	2035	0.2071073	3955
1119	2518	0.21591753	3956
2058	2248	0.21942358	3957
65	33	0.24127704	3958
2912	2853	0.25429595	3959
193	366	0.25528362	3960
167	135	0.25685537	3961
1011	629	0.2583923	3962
3768	3507	0.26110873	3963
3739	3486	0.26988336	3964
1482	1072	0.27279988	3965
371	192	0.2731909	3966
99	80	0.28275412	3967
183	569	0.28635263	3968
3958	87	0.28649715	3969
26	4	0.29069978	3970
3513	3497	0.29417315	3971
2008	1220	0.2941807	3972
3190	2524	0.29428673	3973
2625	3610	0.2986801	3974
1572	791	0.29910997	3975
59	77	0.3038388	3976
56	139	0.3086616	3977
1070	840	0.31163198	3978
3953	117	0.3122148	3979
126	151	0.31880587	3980
1265	1295	0.3215422	3981
46	41	0.3258103	3982
2617	197	0.32674074	3983
30	6	0.3294357	3984
104	40	0.32946032	3985
434	454	0.33187628	3986
141	23	0.33197817	3987
219	467	0.33502844	3988
159	5	0.33668843	3989
1013	1045	0.33695963	3990
37	1	0.33931178	3991
51	406	0.34188414	3992
58	7	0.34195152	3993
3736	3855	0.3429322	3994
381	702	0.34466848	3995
90	181	0.34484997	3996
627	1005	0.34710655	3997
115	3968	0.34807125	3998
3842	3686	0.3493192	3999
32	275	0.34942535	4000
771	138	0.35240683	4001
323	127	0.35449106	4002
81	3979	0.356602	4003
1768	933	0.3576467	4004
78	187	0.35778138	4005
1308	179	0.35914212	4006
3708	3667	0.36098912	4007
2781	3007	0.36206505	4008
360	315	0.36417183	4009
3685	3601	0.3650641	4010
1076	825	0.3676433	4011
1341	3975	0.36802137	4012
1730	2330	0.36869633	4013
83	25	0.37126744	4014
611	994	0.37179562	4015
3992	28	0.3761981	4016
281	367	0.37633368	4017
3984	3989	0.37647852	4018
291	43	0.37766314	4019
137	21	0.37785724	4020
3982	63	0.37796065	4021
1347	2326	0.3779638	4022
1629	1168	0.3821578	4023
36	91	0.38286254	4024
93	124	0.38481987	4025
305	282	0.38636214	4026
333	163	0.38753185	4027
1066	999	0.38985774	4028
365	709	0.39015937	4029
2059	891	0.39061683	4030
112	10	0.39088288	4031
1392	1093	0.39196	4032
207	246	0.39233422	4033
57	14	0.39262944	4034
96	74	0.3940637	4035
2239	2084	0.39461052	4036
70	52	0.3946296	4037
712	440	0.39482203	4038
1276	1466	0.39493945	4039
61	2	0.39564514	4040
318	424	0.39717716	4041
1376	785	0.39746833	4042
202	47	0.39859393	4043
3206	3413	0.39920095	4044
1591	66	0.4005738	4045
3983	12	0.40219057	4046
873	720	0.40290293	4047
429	214	0.40299964	4048
1329	862	0.40883592	4049
1037	1361	0.4089662	4050
3970	201	0.41050488	4051
460	4015	0.4109065	4052
2775	2436	0.41210443	4053
401	369	0.41318643	4054
2025	1598	0.4134534	4055
853	1249	0.41422015	4056
3977	182	0.41423142	4057
3985	94	0.4145944	4058
1536	494	0.4148154	4059
3998	15	0.4153579	4060
2139	2649	0.41599005	4061
953	370	0.4188682	4062
549	368	0.4189846	4063
1334	2156	0.42072234	4064
285	407	0.42093295	4065
3679	3629	0.42170873	4066
377	397	0.42190593	4067
4003	2928	0.42329445	4068
342	1358	0.42338964	4069
278	478	0.4236582	4070
2691	3442	0.4257568	4071
1700	290	0.4262582	4072
3967	4001	0.42816287	4073
4034	144	0.42863768	4074
1933	1284	0.42931724	4075
190	76	0.42944005	4076
205	639	0.42949	4077
2740	3003	0.43069306	4078
311	191	0.43086952	4079
959	221	0.43207294	4080
260	206	0.43220305	4081
2435	3411	0.43285006	4082
1394	2143	0.43318018	4083
2464	1524	0.43324643	4084
2012	2191	0.43454364	4085
2933	3128	0.43493912	4086
196	3991	0.4355471	4087
84	130	0.43726054	4088
820	236	0.43870845	4089
2115	1363	0.43873823	4090
3948	2913	0.4394802	4091
632	979	0.4397303	4092
13	11	0.4400811	4093
3956	1019	0.4412281	4094
270	486	0.4424302	4095
1732	1839	0.443136	4096
289	573	0.4438819	4097
1783	1931	0.4442236	4098
233	174	0.44437087	4099
4014	900	0.44464123	4100
3996	39	0.44477987	4101
458	836	0.44564646	4102
110	4005	0.44583154	4103
109	2424	0.44662893	4104
1827	2826	0.44720635	4105
1715	692	0.44767928	4106
1021	449	0.44879454	4107
562	477	0.44944915	4108
442	493	0.44944933	4109
4025	523	0.4496833	4110
346	356	0.45057425	4111
2652	3215	0.4515411	4112
1279	248	0.4515893	4113
916	3023	0.45172125	4114
1038	817	0.45345873	4115
2644	3950	0.45430493	4116
2106	1122	0.45454386	4117
525	298	0.45506376	4118
2858	3155	0.45536792	4119
1258	1051	0.45617083	4120
2580	2875	0.45701244	4121
1692	2337	0.45737377	4122
1822	2842	0.45740345	4123
704	3946	0.4578408	4124
306	180	0.45794216	4125
3888	3890	0.4586426	4126
1644	1446	0.45921427	4127
88	4020	0.4592253	4128
513	373	0.459458	4129
1882	1583	0.45945948	4130
4022	1641	0.4601323	4131
3990	1034	0.4606063	4132
3969	3966	0.46179807	4133
918	786	0.46306613	4134
62	243	0.46336776	4135
328	565	0.46405083	4136
974	4028	0.46443176	4137
1471	896	0.46466866	4138
3987	4016	0.46535861	4139
3025	2879	0.46575743	4140
2135	2180	0.46597183	4141
3960	302	0.46633664	4142
537	659	0.4669015	4143
4117	1549	0.46690357	4144
476	875	0.469957	4145
614	332	0.47043046	4146
1815	2031	0.4714052	4147
4054	4024	0.47273228	4148
352	145	0.47356275	4149
3033	152	0.47373343	4150
3609	3491	0.4743314	4151
358	4012	0.47438142	4152
4037	98	0.47467476	4153
462	4027	0.47486663	4154
1031	761	0.47581473	4155
3205	1901	0.47733614	4156
1293	1343	0.47742814	4157
2157	1998	0.4784506	4158
723	726	0.479493	4159
1990	1509	0.48050418	4160
153	156	0.48065612	4161
1985	2272	0.48077136	4162
2176	1137	0.48131862	4163
1420	2322	0.4813867	4164
769	606	0.48210505	4165
3420	3290	0.48216715	4166
1208	1689	0.48257276	4167
687	108	0.4828668	4168
4060	4100	0.4841797	4169
984	475	0.4844741	4170
2768	3237	0.48491234	4171
2512	1738	0.48559132	4172
703	1765	0.48564675	4173
247	169	0.4857142	4174
3417	2049	0.486144	4175
1254	430	0.48730102	4176
2959	3012	0.4875947	4177
3195	2244	0.4878757	4178
1884	930	0.48861992	4179
4006	232	0.48885247	4180
239	120	0.48923323	4181
3616	119	0.48989424	4182
1876	1859	0.4899206	4183
511	1250	0.49045008	4184
718	245	0.49088815	4185
3700	3559	0.49115774	4186
638	1590	0.4914921	4187
2269	2360	0.49290153	4188
821	1268	0.4931524	4189
721	4011	0.493326	4190
1670	1968	0.49375257	4191
2929	2300	0.49407488	4192
2202	1444	0.49526313	4193
705	1128	0.49560097	4194
450	85	0.49573538	4195
684	628	0.4957672	4196
4104	165	0.49635565	4197
2843	1426	0.49690363	4198
1498	1830	0.49756628	4199
1052	646	0.49850628	4200
3116	3393	0.4985134	4201
235	4031	0.4985676	4202
3954	671	0.49890152	4203
2335	2299	0.4991339	4204
71	122	0.4998904	4205
616	396	0.49995297	4206
1408	1212	0.49998924	4207
2378	4090	0.5004885	4208
4181	4097	0.5013535	4209
4019	3993	0.50146025	4210
1530	2953	0.5015132	4211
383	943	0.502025	4212
1059	867	0.5025746	4213
3761	3324	0.5029009	4214
1098	316	0.503409	4215
48	92	0.50370437	4216
1028	822	0.5037673	4217
4138	1211	0.5047693	4218
50	3	0.50492114	4219
491	622	0.5051857	4220
2789	3284	0.5052071	4221
1385	1150	0.5053728	4222
795	534	0.5054285	4223
1488	577	0.5055322	4224
4065	4125	0.5057062	4225
288	105	0.5060641	4226
1086	708	0.50686127	4227
308	4110	0.5070411	4228
970	510	0.50707436	4229
538	681	0.5072931	4230
2656	2962	0.5081874	4231
16	8	0.50834113	4232
2341	1617	0.5090771	4233
303	4142	0.50927347	4234
1754	300	0.5096539	4235
1319	745	0.5096856	4236
3246	3653	0.5100893	4237
1511	739	0.51036954	4238
2816	2665	0.5106976	4239
337	103	0.5108178	4240
2920	2669	0.5117889	4241
2329	4032	0.51223856	4242
855	542	0.5123556	4243
1801	1531	0.51275766	4244
439	229	0.5135967	4245
431	133	0.513642	4246
2429	1569	0.5143937	4247
489	3986	0.5150591	4248
2266	2559	0.5152601	4249
3578	3759	0.51526326	4250
1362	1496	0.51681334	4251
2384	2961	0.51710397	4252
608	350	0.5172629	4253
465	393	0.5174977	4254
3450	2021	0.5176408	4255
963	635	0.5180007	4256
274	113	0.51922673	4257
863	2553	0.51987845	4258
2268	2099	0.52106595	4259
699	524	0.52133924	4260
264	4081	0.5219206	4261
2407	2849	0.522198	4262
535	3976	0.5229636	4263
3136	2732	0.5231988	4264
1214	1166	0.52338296	4265
679	1097	0.5234213	4266
102	68	0.5235384	4267
4109	257	0.5235703	4268
331	1312	0.52361596	4269
4087	73	0.5239022	4270
240	4018	0.5253669	4271
4030	806	0.52565014	4272
2822	2668	0.52573866	4273
4143	157	0.5263399	4274
253	4068	0.5270032	4275
4101	4073	0.5272268	4276
1087	912	0.5273487	4277
225	100	0.52797836	4278
4058	209	0.5283001	4279
4107	101	0.5284257	4280
4021	9	0.52863085	4281
1595	1065	0.5287165	4282
707	1053	0.5289777	4283
2073	1457	0.5294133	4284
2366	2804	0.5294384	4285
3046	2132	0.5295607	4286
2150	1182	0.5297867	4287
2389	4158	0.53001153	4288
3183	2220	0.5300357	4289
2293	2295	0.5302227	4290
361	1095	0.5306054	4291
2509	2747	0.5307381	4292
4262	3191	0.53095967	4293
650	1616	0.5310665	4294
3499	3467	0.5315899	4295
1832	1110	0.531608	4296
3287	3479	0.5316193	4297
4111	215	0.53192866	4298
55	4148	0.5324088	4299
1018	1278	0.5325248	4300
944	230	0.53339547	4301
698	505	0.53428674	4302
846	4045	0.5347941	4303
4085	2773	0.5364397	4304
1235	334	0.53695965	4305
2149	2104	0.5378525	4306
268	258	0.5389391	4307
4275	250	0.53905404	4308
3311	3200	0.53923774	4309
2591	2513	0.5392577	4310
1562	563	0.539317	4311
657	656	0.54007375	4312
1289	847	0.54026854	4313
1364	4004	0.54042834	4314
884	4102	0.5404689	4315
907	3173	0.54086804	4316
1300	1462	0.54103345	4317
1222	1048	0.5412131	4318
3643	3288	0.54174715	4319
4216	148	0.54184276	4320
2725	2868	0.5424253	4321
3262	2807	0.5428842	4322
581	4052	0.5430664	4323
609	276	0.5435394	4324
1999	1770	0.54420453	4325
3577	3816	0.54430467	4326
738	897	0.54435647	4327
591	4041	0.5454568	4328
4222	4079	0.5458199	4329
339	4159	0.5464035	4330
2252	4147	0.54649985	4331
3645	3821	0.546947	4332
1592	1434	0.5469585	4333
3995	348	0.54705626	4334
619	1199	0.54723245	4335
633	471	0.54848003	4336
2113	1402	0.54895586	4337
1676	3028	0.5491294	4338
823	1174	0.5491825	4339
883	19	0.54952085	4340
2201	1892	0.5498871	4341
2419	2562	0.5502053	4342
1780	3135	0.5507813	4343
4046	4139	0.55137765	4344
2043	1449	0.5520576	4345
2712	3368	0.5527375	4346
1794	2022	0.553449	4347
570	453	0.55402386	4348
1857	1131	0.55435187	4349
3997	4043	0.5546918	4350
375	204	0.5549232	4351
1720	2595	0.5549811	4352
1181	265	0.5561761	4353
1920	2413	0.55737674	4354
2742	3077	0.5574319	4355
34	220	0.5575618	4356
4089	1269	0.5575942	4357
3809	3307	0.55797946	4358
759	31	0.5581241	4359
3059	4121	0.5588653	4360
4267	4103	0.5598028	4361
1973	691	0.56120014	4362
1612	1807	0.56131756	4363
4155	936	0.56155133	4364
326	38	0.56233126	4365
4070	284	0.5626313	4366
125	277	0.56264466	4367
4063	140	0.5627716	4368
4092	86	0.56287575	4369
776	1895	0.5631193	4370
1247	642	0.5634526	4371
4108	4095	0.56364036	4372
1611	2263	0.5638117	4373
3648	3628	0.5639094	4374
1798	1529	0.56401813	4375
1354	751	0.5641122	4376
3050	2465	0.5643232	4377
4228	45	0.564487	4378
4333	1742	0.56505835	4379
3978	4190	0.5652435	4380
425	185	0.56564295	4381
2063	3169	0.56627107	4382
685	259	0.5666816	4383
2478	1712	0.56671965	4384
1000	697	0.5675658	4385
758	1684	0.5679027	4386
3302	3456	0.56792253	4387
870	4137	0.5681296	4388
1817	2365	0.5686244	4389
1604	2863	0.5689153	4390
4204	4091	0.5690216	4391
4346	2530	0.5694307	4392
3382	2516	0.56982315	4393
3115	2371	0.57008976	4394
1691	1103	0.5701	4395
4013	1744	0.5702907	4396
1126	441	0.5706174	4397
575	1489	0.57132596	4398
765	864	0.5715502	4399
1664	779	0.57158643	4400
4131	4152	0.5719427	4401
3654	617	0.57222795	4402
547	746	0.57238305	4403
4249	2834	0.57252884	4404
669	312	0.5725583	4405
1631	1077	0.5732306	4406
2287	995	0.57323766	4407
160	97	0.57389414	4408
4289	2226	0.57425094	4409
1054	732	0.57457393	4410
1560	2110	0.57502884	4411
514	1156	0.57510376	4412
2250	1419	0.5760819	4413
1470	1023	0.57682437	4414
3286	404	0.576849	4415
2886	3043	0.5769703	4416
154	960	0.57740885	4417
4026	4057	0.578938	4418
388	808	0.5789516	4419
3903	3837	0.5794024	4420
4077	262	0.5795084	4421
1260	1558	0.58013344	4422
155	398	0.58064836	4423
4268	292	0.58091325	4424
2714	2430	0.58103454	4425
3151	3292	0.5815196	4426
340	44	0.58172256	4427
1834	4225	0.5817332	4428
530	521	0.58193463	4429
956	4174	0.58213705	4430
778	4283	0.58282775	4431
1521	4132	0.5833782	4432
195	60	0.5835565	4433
1552	1565	0.58409554	4434
857	267	0.5842544	4435
686	1936	0.5843933	4436
2418	3229	0.584497	4437
1877	1546	0.58488053	4438
4328	4368	0.58493584	4439
2844	1461	0.58520454	4440
1544	2109	0.5855219	4441
3509	2462	0.58566487	4442
3449	3712	0.58618426	4443
4141	479	0.5862343	4444
2223	4285	0.5864701	4445
750	1527	0.5872249	4446
79	128	0.5873388	4447
613	644	0.58746076	4448
3249	1610	0.587641	4449
18	17	0.5877311	4450
4164	4331	0.58825284	4451
263	4153	0.5882611	4452
2551	2159	0.58833736	4453
3199	2116	0.58868134	4454
3494	1625	0.58880436	4455
1475	854	0.5888072	4456
3457	3316	0.58902776	4457
198	4232	0.589184	4458
3415	2677	0.58924824	4459
4149	49	0.58942413	4460
2092	1507	0.58953315	4461
231	593	0.5896875	4462
213	4128	0.589712	4463
4229	810	0.58990765	4464
4055	4049	0.58998734	4465
1516	597	0.5901184	4466
2020	2340	0.5901222	4467
1923	2151	0.590287	4468
3754	4105	0.59046376	4469
2529	2909	0.5906971	4470
605	552	0.5908224	4471
1776	859	0.5911595	4472
1191	1746	0.59192234	4473
1623	1714	0.59213066	4474
343	121	0.5923658	4475
64	35	0.5925713	4476
2653	2663	0.5930528	4477
1954	1219	0.5932686	4478
1550	1091	0.5933745	4479
2735	3254	0.59380716	4480
2449	1467	0.5939694	4481
4093	4246	0.5947812	4482
3157	2177	0.59546065	4483
1890	4170	0.5958344	4484
588	387	0.59589976	4485
2111	1854	0.596719	4486
939	4196	0.59676504	4487
789	2294	0.59681	4488
1117	2197	0.5972515	4489
2517	2941	0.59736526	4490
4029	2336	0.597608	4491
3747	3883	0.59790367	4492
1795	3000	0.5983102	4493
1243	1410	0.59854424	4494
1105	1027	0.59868664	4495
1452	725	0.5988043	4496
658	898	0.59937453	4497
784	4261	0.59948194	4498
4172	2011	0.5997287	4499
2715	2368	0.5997338	4500
3103	4123	0.5998234	4501
3847	3753	0.6000716	4502
923	932	0.60012484	4503
1450	506	0.6002658	4504
831	1041	0.6004817	4505
389	218	0.6008475	4506
715	353	0.60118634	4507
2038	904	0.60186124	4508
4299	4202	0.60212547	4509
551	432	0.6021321	4510
1792	673	0.6021345	4511
1844	4171	0.60214424	4512
3015	3583	0.60219085	4513
3898	3922	0.60222954	4514
987	1316	0.60270196	4515
2254	2141	0.6027416	4516
164	4074	0.60285467	4517
4271	4133	0.6029046	4518
461	483	0.6031977	4519
1123	1218	0.6036444	4520
1946	2251	0.60441923	4521
3492	3182	0.60448384	4522
4219	241	0.6045459	4523
1963	1896	0.60511535	4524
1887	2476	0.6053795	4525
4364	4157	0.6053889	4526
993	4266	0.60553706	4527
4118	545	0.6056211	4528
2414	1057	0.6061432	4529
1675	2311	0.6062738	4530
4277	760	0.606598	4531
1144	485	0.60684437	4532
693	793	0.6069424	4533
249	504	0.6076421	4534
4180	4209	0.60794985	4535
1543	1828	0.608309	4536
626	4080	0.6084857	4537
636	301	0.60907036	4538
4278	329	0.6095284	4539
4450	149	0.6095377	4540
4243	4403	0.6097866	4541
830	4432	0.60979444	4542
4067	4113	0.6099969	4543
2610	2274	0.61009556	4544
722	4145	0.6106273	4545
1841	1547	0.61063117	4546
1405	747	0.61177367	4547
1320	428	0.6125064	4548
3289	2616	0.6130352	4549
1400	653	0.61323607	4550
143	4424	0.61351377	4551
4310	1996	0.6137228	4552
710	474	0.6146578	4553
283	3980	0.6152376	4554
2146	2302	0.61525726	4555
4304	2215	0.61579126	4556
4263	4210	0.6158797	4557
4150	178	0.6158838	4558
4237	3114	0.6159776	4559
910	689	0.6160413	4560
909	1106	0.61611205	4561
2238	2604	0.6168406	4562
287	717	0.6170996	4563
1849	1688	0.6175279	4564
1551	2433	0.6175411	4565
1763	3710	0.61784637	4566
3478	3117	0.61795604	4567
459	1913	0.61825913	4568
3949	4320	0.618306	4569
1069	132	0.6186771	4570
4075	1630	0.6191299	4571
3180	2062	0.6195203	4572
4308	4350	0.61961365	4573
4480	2253	0.6197516	4574
804	772	0.6198195	4575
2291	2097	0.61992115	4576
4127	1245	0.6203345	4577
344	3988	0.620488	4578
2991	2029	0.6215053	4579
1935	4039	0.62151265	4580
1873	515	0.6215149	4581
2175	2338	0.6216048	4582
4281	211	0.6219808	4583
4274	1022	0.62213457	4584
3202	2334	0.62254214	4585
2271	2700	0.6227163	4586
803	142	0.62295705	4587
2153	2453	0.6236903	4588
3070	1102	0.62412554	4589
4161	395	0.6256336	4590
349	286	0.62576926	4591
911	222	0.62591165	4592
1785	1986	0.62633544	4593
3340	3408	0.6263429	4594
4208	1646	0.626929	4595
4554	4033	0.6269779	4596
3031	3054	0.6275245	4597
4561	1758	0.6282449	4598
4251	674	0.62838316	4599
1241	1056	0.6286348	4600
4064	990	0.6286827	4601
4508	1538	0.62900186	4602
4348	1073	0.6291431	4603
3597	3372	0.6291582	4604
4254	106	0.6291755	4605
2884	2795	0.6293353	4606
82	4088	0.62976575	4607
3176	3072	0.63001317	4608
1589	273	0.6300328	4609
2431	4256	0.6304742	4610
4245	129	0.6305759	4611
889	3879	0.63067204	4612
2791	3099	0.63081634	4613
1338	592	0.6311194	4614
2001	2082	0.63132083	4615
1961	2945	0.63152874	4616
1143	794	0.6316347	4617
985	668	0.63167155	4618
177	4017	0.63277847	4619
926	4242	0.63290066	4620
1880	1653	0.6331849	4621
3546	2198	0.63325596	4622
4051	4518	0.63331926	4623
4238	1573	0.63345253	4624
3661	2901	0.63361615	4625
2965	2846	0.6336317	4626
805	1206	0.6336337	4627
4311	2458	0.6342477	4628
4325	1042	0.63493705	4629
4244	2044	0.63502944	4630
596	1261	0.63519883	4631
4279	4076	0.6352301	4632
2206	1299	0.6357868	4633
3280	3615	0.6357977	4634
2363	1348	0.6359315	4635
969	695	0.63608795	4636
1705	1113	0.63659894	4637
161	136	0.63671535	4638
4002	4418	0.6367731	4639
4212	390	0.6373966	4640
4165	550	0.6375903	4641
1058	1024	0.6376269	4642
3336	851	0.63771856	4643
579	519	0.6378028	4644
766	811	0.637805	4645
683	4280	0.63800657	4646
1164	4179	0.6380372	4647
594	1085	0.6380782	4648
4257	304	0.6385082	4649
768	528	0.6387897	4650
4536	4383	0.6389427	4651
3506	3168	0.6390349	4652
4194	1619	0.6391001	4653
4323	4491	0.63969797	4654
1186	2910	0.6397768	4655
2316	4290	0.6399187	4656
2947	2546	0.64039737	4657
3900	3908	0.64090025	4658
568	4336	0.6409377	4659
2981	3201	0.64118195	4660
1545	4354	0.6413629	4661
1775	2485	0.6415013	4662
4129	95	0.64256036	4663
3208	2888	0.64272916	4664
3964	3773	0.64277875	4665
2395	1189	0.6430163	4666
2136	2563	0.6436934	4667
1703	1994	0.64401364	4668
168	173	0.64438635	4669
2706	3596	0.6450148	4670
2047	1593	0.6453566	4671
3485	2314	0.64543897	4672
2698	1745	0.6454697	4673
2569	2076	0.64565027	4674
3539	3665	0.64581776	4675
2760	2075	0.6459054	4676
272	4523	0.64601624	4677
800	1135	0.6461346	4678
1365	362	0.6461557	4679
3373	3592	0.646867	4680
2934	4198	0.64691186	4681
1118	1239	0.6470044	4682
2817	2258	0.6470361	4683
2463	4078	0.64716434	4684
4062	4269	0.6472421	4685
3177	3483	0.64728475	4686
392	893	0.6478451	4687
3602	3689	0.6480097	4688
3572	3075	0.6482819	4689
1050	919	0.6487545	4690
4394	2699	0.6489331	4691
1424	1706	0.64910066	4692
4445	2494	0.64911807	4693
1257	4371	0.6491424	4694
1651	1387	0.6493252	4695
1773	566	0.64938307	4696
3565	3581	0.6494227	4697
1734	1381	0.64957726	4698
254	210	0.6496561	4699
516	1588	0.6497103	4700
2401	2977	0.6497332	4701
567	4099	0.6497514	4702
3702	3669	0.6497961	4703
1427	4441	0.65120727	4704
1852	1242	0.65127015	4705
4454	3401	0.651452	4706
421	147	0.65147287	4707
2041	2624	0.65239865	4708
1396	927	0.6524493	4709
2754	1146	0.6527894	4710
496	631	0.6528496	4711
2495	1721	0.65328604	4712
1121	216	0.65357566	4713
2689	1893	0.6536311	4714
4329	4248	0.6541295	4715
2387	2333	0.65417105	4716
3528	4610	0.65485376	4717
1693	327	0.6548677	4718
744	845	0.65488905	4719
2355	3094	0.65497845	4720
2438	4444	0.654982	4721
1442	1669	0.6552856	4722
2622	3133	0.65554106	4723
584	4215	0.6555623	4724
866	1510	0.655569	4725
2645	2684	0.6558542	4726
2497	2155	0.6558795	4727
1162	964	0.65599066	4728
578	678	0.6562023	4729
4315	4362	0.6562656	4730
2081	2009	0.65630734	4731
802	172	0.6563629	4732
4534	4240	0.6565033	4733
3594	3543	0.656732	4734
3071	2393	0.65676594	4735
4112	4465	0.6570347	4736
1534	3178	0.65705717	4737
3300	2993	0.65745294	4738
4451	4620	0.65751314	4739
3175	2528	0.65753037	4740
1627	2895	0.65771306	4741
1838	1503	0.65793484	4742
3471	3014	0.65796506	4743
4303	376	0.65817046	4744
1932	4656	0.65824515	4745
4330	972	0.6582804	4746
2722	2350	0.658335	4747
3726	3056	0.65841514	4748
3396	1184	0.6585803	4749
2541	2666	0.658598	4750
408	869	0.6588875	4751
533	499	0.65909755	4752
1814	2406	0.6591407	4753
385	402	0.6594016	4754
1899	1989	0.65947676	4755
4551	3961	0.66010296	4756
1632	4176	0.6603552	4757
118	4072	0.6606219	4758
4187	1702	0.66089725	4759
2547	4130	0.66116035	4760
4344	827	0.66155666	4761
4318	2659	0.66185606	4762
4416	3416	0.6620798	4763
1571	2096	0.6628305	4764
3962	2650	0.66303086	4765
2831	2166	0.66317916	4766
2227	2045	0.6631904	4767
4488	4218	0.66319495	4768
4173	1428	0.6641938	4769
4401	4230	0.6645778	4770
4135	4276	0.66458476	4771
4396	833	0.6646031	4772
2256	2510	0.66489995	4773
2865	3397	0.66505444	4774
4428	4584	0.66527164	4775
2739	1597	0.6658468	4776
3584	2899	0.6668871	4777
4300	4388	0.66808814	4778
1809	1294	0.6690925	4779
314	175	0.6692064	4780
2036	2055	0.6692806	4781
4405	355	0.6694951	4782
1724	1774	0.67042625	4783
1979	4593	0.67106485	4784
4236	1310	0.6714692	4785
1326	598	0.6720661	4786
4380	4224	0.6722127	4787
435	4301	0.6723886	4788
1285	2579	0.6726326	4789
2051	2017	0.6726632	4790
4341	4360	0.67273426	4791
1621	1026	0.6731617	4792
4235	4577	0.67326796	4793
2277	3503	0.6737881	4794
4120	4185	0.6739265	4795
1169	324	0.6739484	4796
890	4511	0.6745146	4797
4571	1911	0.67461276	4798
2713	2373	0.6750728	4799
947	490	0.6750868	4800
3198	3069	0.6752033	4801
2745	2232	0.67548543	4802
1636	2072	0.6755964	4803
3399	4044	0.67595166	4804
1504	3957	0.6761916	4805
2282	2147	0.67640895	4806
1791	2578	0.676429	4807
1474	1600	0.67649263	4808
4220	357	0.6769855	4809
4756	4573	0.67707026	4810
2200	1548	0.6773085	4811
4357	4114	0.67737037	4812
4550	4528	0.6773796	4813
4485	347	0.6776097	4814
1718	1655	0.6777626	4815
1414	1390	0.6780023	4816
3089	2908	0.6783318	4817
1690	2596	0.67858875	4818
3032	3550	0.67959464	4819
2623	2114	0.6796798	4820
2032	4306	0.68015933	4821
4483	2321	0.68017524	4822
4273	4231	0.6803744	4823
3410	4392	0.68087137	4824
2774	166	0.68104935	4825
1256	4628	0.68133307	4826
1969	2112	0.68153584	4827
3017	2323	0.68157613	4828
737	4136	0.681692	4829
4000	4607	0.68171304	4830
480	150	0.6817823	4831
4476	4169	0.6818473	4832
2184	2861	0.681998	4833
4061	4144	0.6823839	4834
624	497	0.6826948	4835
1231	1603	0.6833666	4836
1769	1223	0.6844935	4837
423	4532	0.68527836	4838
1318	559	0.6852927	4839
3044	2609	0.68576986	4840
4509	4623	0.6860939	4841
4305	184	0.6862159	4842
2416	4437	0.6865621	4843
931	4447	0.6870457	4844
602	850	0.68765426	4845
880	4359	0.6881356	4846
416	170	0.68820727	4847
3137	1061	0.6883218	4848
1210	4337	0.68858874	4849
1107	1658	0.68876326	4850
2705	4512	0.68902206	4851
4247	4499	0.6890659	4852
701	4009	0.6896094	4853
4399	4527	0.6898907	4854
4199	4718	0.69001603	4855
2377	3641	0.6903428	4856
3079	2301	0.6906947	4857
4765	2491	0.6907092	4858
1661	1016	0.6911171	4859
809	879	0.69113606	4860
1659	2505	0.6915005	4861
1694	4645	0.69160616	4862
2028	4586	0.69185615	4863
4520	741	0.6918923	4864
162	4195	0.69206893	4865
466	1303	0.69244957	4866
3234	2838	0.69259936	4867
2515	2290	0.6929355	4868
2169	1831	0.6933614	4869
4452	4361	0.6935415	4870
2687	2790	0.69358355	4871
2204	2708	0.69384795	4872
1207	555	0.69388556	4873
812	966	0.6943406	4874
625	446	0.6945823	4875
208	409	0.69482225	4876
2690	3647	0.6952946	4877
1707	958	0.69548917	4878
1012	1897	0.6955962	4879
4050	921	0.69617283	4880
4038	4724	0.69655514	4881
2986	2771	0.69682103	4882
3129	2898	0.69728726	4883
1727	1453	0.6977113	4884
4612	237	0.6980287	4885
1340	1485	0.6985965	4886
4094	1271	0.6988563	4887
1333	345	0.6988709	4888
2878	3350	0.6990205	4889
589	452	0.69925404	4890
1378	4750	0.69926035	4891
4460	4270	0.6995104	4892
1451	2074	0.69968426	4893
585	4434	0.69992805	4894
1637	792	0.7004933	4895
667	603	0.70056987	4896
1499	468	0.7008887	4897
2257	1301	0.7009065	4898
1766	4042	0.70091546	4899
3139	3716	0.70094293	4900
4223	4421	0.70110166	4901
2674	2475	0.7011723	4902
2667	4293	0.7013108	4903
1823	1302	0.70137465	4904
814	1161	0.7019213	4905
2694	3098	0.701924	4906
3266	4319	0.70193255	4907
374	116	0.7020332	4908
654	4182	0.70207286	4909
3404	2702	0.7023063	4910
4579	2080	0.70231104	4911
518	507	0.70232135	4912
4761	4463	0.7023841	4913
2984	1840	0.7026517	4914
1566	2872	0.7028712	4915
1456	743	0.70302534	4916
4752	4302	0.7032676	4917
3390	3010	0.7032717	4918
3004	279	0.70334244	4919
3611	2716	0.7035068	4920
3275	3608	0.70353514	4921
4797	4069	0.703639	4922
4497	1255	0.70389575	4923
3560	1201	0.70395964	4924
914	554	0.7046908	4925
843	1397	0.7050225	4926
2128	3319	0.7052624	4927
3285	3265	0.7054998	4928
2850	4211	0.70557225	4929
2825	4084	0.70615447	4930
242	107	0.70668745	4931
4272	4284	0.7067462	4932
1988	3529	0.70693326	4933
1866	2034	0.7069654	4934
4609	1339	0.7070973	4935
962	1804	0.70710814	4936
2331	4648	0.7071146	4937
2236	1104	0.70744145	4938
3263	2372	0.7074508	4939
1346	1030	0.7075292	4940
4221	2885	0.7081324	4941
1272	4115	0.70823634	4942
978	1671	0.7083906	4943
4659	228	0.7092722	4944
2120	2397	0.70961344	4945
2356	1292	0.709769	4946
4795	4482	0.7101626	4947
4288	3087	0.71016645	4948
3973	2587	0.7104498	4949
4435	53	0.7108295	4950
4462	4751	0.7109959	4951
4519	413	0.7110723	4952
3489	3633	0.7117809	4953
2643	3271	0.7119402	4954
4461	1816	0.7121091	4955
4390	4595	0.7121259	4956
4672	3239	0.7121335	4957
4679	294	0.71215343	4958
4832	4040	0.7122411	4959
3049	3709	0.71234405	4960
4377	2681	0.7123561	4961
4605	4417	0.7124485	4962
2345	2474	0.71264017	4963
2402	1862	0.71281606	4964
2590	2086	0.713181	4965
4578	186	0.71348244	4966
4469	2196	0.71350515	4967
2466	4162	0.7139518	4968
1710	1422	0.71422267	4969
2988	2827	0.7142913	4970
2066	2487	0.71436703	4971
1062	595	0.7144515	4972
1984	4287	0.714471	4973
1367	4557	0.7144762	4974
4423	20	0.71485674	4975
752	1508	0.71522284	4976
341	4950	0.71524644	4977
1647	1799	0.7157268	4978
3463	3804	0.7158724	4979
4722	1820	0.71605134	4980
1926	2575	0.7162306	4981
2483	3580	0.71661127	4982
1064	618	0.7166583	4983
4674	2455	0.71666074	4984
601	4431	0.7171785	4985
1036	4568	0.7173014	4986
2534	4426	0.7173431	4987
2761	1787	0.7178385	4988
4793	694	0.71805423	4989
4213	1089	0.71832645	4990
1660	2304	0.7191063	4991
2289	1944	0.71978396	4992
1579	2211	0.7198186	4993
4809	509	0.72005093	4994
2728	2620	0.72037673	4995
841	917	0.7210783	4996
412	29	0.7213538	4997
561	3018	0.72142255	4998
3335	4442	0.72158027	4999
4489	1311	0.7218205	5000
1912	1437	0.7219719	5001
4713	548	0.7222973	5002
2078	2785	0.7228556	5003
4205	22	0.7229127	5004
2437	4525	0.7229598	5005
1654	989	0.7230084	5006
2779	1952	0.7232975	5007
4502	3595	0.7233442	5008
4253	4430	0.72335047	5009
2873	2242	0.72336876	5010
1229	4653	0.72337866	5011
2566	3496	0.72374636	5012
1423	3084	0.72393423	5013
4010	4321	0.72402453	5014
4163	1337	0.7241154	5015
171	788	0.7242296	5016
4023	1477	0.7244872	5017
4427	419	0.72456235	5018
834	641	0.72510284	5019
3474	2536	0.72554374	5020
1194	380	0.72651887	5021
1215	968	0.7270508	5022
4498	4369	0.7271082	5023
4569	4744	0.72735566	5024
3020	4298	0.7276452	5025
4770	4372	0.72803044	5026
1067	503	0.72809553	5027
4258	965	0.7281414	5028
2174	2447	0.7282413	5029
2626	4693	0.7287795	5030
363	672	0.72882193	5031
4146	4746	0.72899777	5032
4604	3670	0.72949016	5033
1863	1357	0.7294983	5034
2456	2798	0.72959864	5035
1342	1298	0.72962415	5036
3138	3872	0.72966295	5037
1487	1861	0.7297163	5038
445	411	0.7300289	5039
261	309	0.73037386	5040
3367	2974	0.73049253	5041
2181	2461	0.73058647	5042
3231	4453	0.73096573	5043
553	801	0.7311121	5044
2801	4119	0.73128855	5045
3406	2767	0.7313765	5046
4553	4206	0.7313844	5047
2707	2584	0.73199046	5048
4314	4471	0.7320568	5049
320	610	0.73212826	5050
4400	4772	0.7321503	5051
4580	4487	0.73231363	5052
2093	2532	0.73248225	5053
4771	4974	0.7325711	5054
4168	4226	0.73269665	5055
2855	2454	0.73324025	5056
948	1429	0.7333784	5057
4406	1133	0.73355556	5058
4217	623	0.7335948	5059
733	4696	0.73384726	5060
4556	2570	0.7340181	5061
4762	1063	0.73434865	5062
4510	158	0.73453784	5063
2545	2752	0.73456913	5064
2367	2950	0.7346525	5065
4449	2279	0.7350602	5066
4881	4545	0.73525745	5067
5006	4124	0.7354367	5068
1078	251	0.73613304	5069
2840	3394	0.73614866	5070
3695	3204	0.7361588	5071
1716	4338	0.73637533	5072
4860	4533	0.73651475	5073
1505	1894	0.7365557	5074
1782	2588	0.7366087	5075
1248	637	0.7368851	5076
1130	4542	0.737043	5077
4760	4723	0.7371986	5078
2117	4384	0.73740053	5079
1490	1115	0.7375226	5080
4291	600	0.7375932	5081
520	4631	0.73765105	5082
4433	4558	0.73772043	5083
675	4830	0.7380266	5084
1090	4439	0.73806864	5085
815	807	0.7384895	5086
764	4415	0.73856676	5087
4562	1836	0.7386706	5088
359	487	0.7387011	5089
1049	1321	0.73886746	5090
4207	4948	0.7395325	5091
1800	4059	0.7397598	5092
663	448	0.73999727	5093
4366	4197	0.7402083	5094
2766	2285	0.74178386	5095
3819	4443	0.7420413	5096
1205	4642	0.74231637	5097
4490	4681	0.7424386	5098
4096	4200	0.7428111	5099
2379	1454	0.7433836	5100
4596	4535	0.74362	5101
922	4864	0.74403274	5102
4937	4649	0.7444619	5103
1356	2033	0.744826	5104
3437	2344	0.745092	5105
1179	4227	0.74534804	5106
3582	4566	0.7454457	5107
4739	4787	0.7459249	5108
543	1752	0.7459503	5109
2539	2764	0.74643594	5110
4805	4398	0.7468621	5111
4720	4521	0.74703556	5112
4733	4866	0.7472266	5113
4636	4932	0.7472392	5114
3218	1264	0.7474053	5115
4531	1842	0.7474893	5116
1875	1987	0.7475483	5117
2793	1473	0.74760014	5118
2892	2800	0.7480844	5119
2972	4673	0.7481912	5120
1977	2832	0.7481942	5121
4581	1009	0.74822104	5122
4788	748	0.7484736	5123
2425	470	0.7485674	5124
941	4711	0.74887383	5125
3143	2056	0.74989754	5126
3692	1970	0.74998474	5127
2400	4408	0.75040376	5128
2856	2583	0.75089467	5129
4252	4404	0.7509655	5130
2278	4526	0.75102276	5131
3375	4332	0.7510738	5132
384	382	0.7511492	5133
5069	4639	0.75115997	5134
4412	463	0.75118184	5135
4468	1864	0.75119674	5136
797	1202	0.75119835	5137
2786	2468	0.75130165	5138
1786	1900	0.75135416	5139
2628	3650	0.7517823	5140
4234	4543	0.7518426	5141
4617	4464	0.75201714	5142
3321	3061	0.7523575	5143
2967	4738	0.7525724	5144
871	4901	0.75262785	5145
5072	2637	0.75277066	5146
4657	4286	0.75279474	5147
2423	651	0.7531978	5148
1709	1336	0.7533291	5149
3540	3655	0.75389695	5150
4367	67	0.754068	5151
4106	4650	0.75415015	5152
5079	4891	0.7543108	5153
1581	1196	0.7543178	5154
4682	730	0.7545296	5155
403	4340	0.7546028	5156
2358	1306	0.7546412	5157
4780	531	0.75481653	5158
2405	949	0.75487757	5159
1813	4850	0.7549062	5160
1281	1620	0.755284	5161
2599	3774	0.7553547	5162
4327	4728	0.75539196	5163
457	422	0.75578696	5164
3212	2508	0.75619596	5165
2638	2394	0.7566725	5166
4140	4691	0.75682527	5167
1711	1725	0.75710744	5168
4598	4647	0.7572088	5169
1025	848	0.7574117	5170
876	4725	0.7574679	5171
2386	3105	0.7576461	5172
354	892	0.75764614	5173
2944	2446	0.75778264	5174
4356	4758	0.7580115	5175
42	4913	0.7581874	5176
1528	967	0.7586336	5177
634	4339	0.7586669	5178
4048	227	0.75872236	5179
1198	1494	0.75880253	5180
1843	607	0.7589905	5181
2053	2662	0.7607173	5182
1224	4687	0.7608983	5183
1757	1439	0.76091766	5184
2802	3634	0.7609741	5185
1114	1430	0.7615036	5186
2805	3085	0.7619929	5187
2916	3207	0.76204777	5188
4493	2319	0.7622088	5189
2237	908	0.76249367	5190
1149	4800	0.76268125	5191
4544	5112	0.76308954	5192
4999	2567	0.76372635	5193
4475	676	0.76514256	5194
1071	1325	0.76516414	5195
3620	2499	0.7652933	5196
2288	1681	0.7656598	5197
4481	1735	0.765712	5198
1518	1213	0.7658405	5199
4352	2481	0.7660638	5200
1287	544	0.76613325	5201
4429	777	0.7664684	5202
4916	572	0.7669357	5203
586	4870	0.7669691	5204
3567	4740	0.7671031	5205
1886	3385	0.7671459	5206
4715	364	0.76738966	5207
2880	4735	0.76746523	5208
2471	4594	0.7675625	5209
4156	1665	0.7677269	5210
539	4835	0.76786983	5211
2721	4574	0.76834095	5212
3122	2070	0.7684005	5213
885	319	0.76874626	5214
3270	2897	0.7688031	5215
3164	2606	0.7695352	5216
4122	4956	0.76964116	5217
3108	4413	0.7699276	5218
2353	3102	0.769957	5219
4903	2963	0.7700836	5220
976	4985	0.7701655	5221
1719	5065	0.77022636	5222
3545	4819	0.7702329	5223
2369	4675	0.77112067	5224
1481	3889	0.7711752	5225
4792	4729	0.77121377	5226
3470	3310	0.7718476	5227
4397	1313	0.77201664	5228
1891	4978	0.7721721	5229
1649	1240	0.77228326	5230
1908	1639	0.7729122	5231
3161	1643	0.7730478	5232
5037	4712	0.7730895	5233
4575	4705	0.773111	5234
837	4619	0.77332485	5235
1981	1722	0.7735726	5236
4678	4560	0.7736089	5237
2989	4998	0.7736802	5238
3527	3466	0.7736832	5239
977	952	0.77411544	5240
2158	2746	0.77415407	5241
4821	4911	0.77426255	5242
3800	3247	0.77429575	5243
3522	3586	0.77433395	5244
2046	4633	0.77459276	5245
2492	3112	0.7746903	5246
4822	4425	0.7748976	5247
4644	4334	0.7750242	5248
5054	4517	0.77530074	5249
5215	2814	0.7753327	5250
4847	89	0.7754927	5251
3274	3724	0.7755459	5252
5139	4472	0.77660483	5253
1910	1966	0.77676	5254
1147	1523	0.7768157	5255
1455	4296	0.77769804	5256
1075	4474	0.77771205	5257
1953	2385	0.77811503	5258
1234	951	0.7783499	5259
4676	4684	0.77837884	5260
1736	4391	0.77856195	5261
4448	4335	0.7790762	5262
1335	1112	0.77935445	5263
4823	4342	0.7795223	5264
2829	3817	0.7799356	5265
4589	4857	0.7799876	5266
495	4782	0.780111	5267
877	582	0.7801151	5268
652	4047	0.7801941	5269
4963	2640	0.78033847	5270
4616	1246	0.78038955	5271
1743	2555	0.78093463	5272
4663	4810	0.78169435	5273
338	740	0.7817686	5274
5005	3272	0.78176963	5275
3230	946	0.7819666	5276
5109	500	0.78209984	5277
5163	4775	0.782339	5278
4501	4625	0.7826451	5279
4316	886	0.78264916	5280
2315	1881	0.7831161	5281
1731	1148	0.7832121	5282
3435	4883	0.78327155	5283
925	829	0.7835456	5284
4630	1739	0.7837278	5285
4592	4976	0.783739	5286
1478	1459	0.78427845	5287
3487	3405	0.78431904	5288
1216	1185	0.78448457	5289
3783	2651	0.7844963	5290
4694	4778	0.7845449	5291
3181	2930	0.78543466	5292
4669	4307	0.7858088	5293
2125	894	0.7858417	5294
4456	146	0.78584987	5295
4852	4736	0.7859231	5296
2847	3314	0.7861516	5297
2243	1747	0.78638196	5298
4745	2757	0.78647566	5299
4627	906	0.78663445	5300
4812	4947	0.7867076	5301
1708	1761	0.78694034	5302
4446	4786	0.7870954	5303
2821	1824	0.7873275	5304
4933	4791	0.7880915	5305
643	4324	0.7882234	5306
1370	3666	0.7888344	5307
5140	3370	0.78921807	5308
4839	5085	0.7896311	5309
1157	1415	0.78981453	5310
2164	2990	0.7899516	5311
2154	982	0.7901791	5312
2484	2259	0.79140854	5313
4134	4370	0.7914434	5314
472	1124	0.79147035	5315
2087	131	0.791524	5316
1955	818	0.79177976	5317
5032	1015	0.7925816	5318
2777	2361	0.7926836	5319
2422	4929	0.79305583	5320
4774	5198	0.7930724	5321
1517	1200	0.7933181	5322
2750	3452	0.79349047	5323
313	212	0.79449445	5324
2996	4862	0.7951573	5325
954	501	0.7951788	5326
4944	587	0.7955496	5327
3459	4930	0.7960611	5328
1615	5151	0.79697305	5329
527	670	0.79723537	5330
4907	5167	0.79725724	5331
482	405	0.7978003	5332
5328	4987	0.79789364	5333
3392	4613	0.7979595	5334
3162	2313	0.7980682	5335
728	4942	0.79822075	5336
4565	2486	0.7984706	5337
700	1375	0.798498	5338
3612	5144	0.79854596	5339
5073	1750	0.7986095	5340
4668	5261	0.79864323	5341
4007	2296	0.79892194	5342
3013	2324	0.79911584	5343
4700	861	0.79930276	5344
5011	899	0.7994145	5345
1440	4373	0.80051243	5346
4548	2470	0.8009219	5347
915	443	0.8010966	5348
4829	188	0.80124146	5349
3167	3772	0.80136365	5350
835	481	0.80140734	5351
4757	4721	0.80145186	5352
2661	3264	0.80184495	5353
3081	4255	0.802113	5354
4936	4541	0.80219066	5355
971	4611	0.8022539	5356
3790	5200	0.8022569	5357
677	546	0.8023848	5358
4695	1043	0.80259967	5359
3150	1283	0.8027649	5360
3576	3701	0.80293155	5361
4851	2441	0.8030445	5362
5101	189	0.8034678	5363
4717	5022	0.8044889	5364
2388	3170	0.8051327	5365
3680	3848	0.80541897	5366
3189	4576	0.8056314	5367
3078	5041	0.80600166	5368
4505	293	0.80605245	5369
4912	4537	0.80617225	5370
3785	3684	0.8064213	5371
4379	4375	0.80650175	5372
1755	856	0.80704063	5373
5175	4959	0.8071373	5374
4961	2718	0.8071632	5375
3424	1874	0.80759853	5376
5187	4843	0.8076917	5377
3149	2195	0.8080667	5378
3323	1170	0.8080798	5379
3632	4292	0.8086616	5380
688	662	0.80878085	5381
3002	3555	0.8089522	5382
1252	473	0.80934954	5383
4994	4654	0.8096425	5384
4393	4871	0.809832	5385
299	3313	0.8099379	5386
415	1613	0.8107981	5387
4873	418	0.81099796	5388
763	2225	0.811102	5389
4622	2670	0.8111736	5390
1997	5300	0.81219226	5391
3552	3798	0.8124452	5392
2194	5108	0.8128709	5393
4769	4853	0.8128812	5394
3068	3521	0.8136358	5395
4402	5273	0.814114	5396
3338	3856	0.8143886	5397
2292	2095	0.8145122	5398
2635	2018	0.81455255	5399
3715	2473	0.8149391	5400
5040	433	0.8149753	5401
3965	4365	0.8157871	5402
2809	3083	0.8160134	5403
2966	4585	0.81614476	5404
4960	4652	0.8163817	5405
2857	3395	0.81714946	5406
4844	4583	0.8171754	5407
5099	4515	0.81722623	5408
4826	4546	0.81746745	5409
3153	4192	0.8175224	5410
599	1372	0.81815624	5411
2564	1819	0.81828266	5412
4643	913	0.81828773	5413
583	4962	0.8183227	5414
4922	5336	0.8184784	5415
5248	716	0.81869113	5416
5279	4470	0.81874627	5417
4587	3805	0.81883466	5418
4706	5212	0.8189064	5419
3802	1081	0.81976384	5420
4486	2824	0.8198782	5421
3505	2560	0.8199008	5422
3959	2218	0.82011855	5423
4655	2973	0.8202385	5424
666	400	0.8207386	5425
2639	2203	0.8207928	5426
1163	1002	0.82081157	5427
4777	4588	0.82086796	5428
2586	3433	0.82092345	5429
4167	1176	0.82096267	5430
351	532	0.82123137	5431
564	410	0.82150716	5432
5082	266	0.82160944	5433
1155	488	0.8217239	5434
5168	2874	0.8219397	5435
3523	5131	0.8219813	5436
295	464	0.8220378	5437
3320	1129	0.82217026	5438
1696	937	0.82234126	5439
4381	5249	0.82235765	5440
2100	2763	0.82249075	5441
1425	4759	0.8225722	5442
5061	5264	0.8230495	5443
828	1380	0.8232325	5444
4877	4910	0.82325155	5445
4727	2956	0.82344043	5446
2170	1554	0.8237654	5447
4466	4784	0.82417774	5448
2704	1826	0.8241874	5449
1789	5310	0.82461596	5450
4716	5189	0.8249544	5451
2375	2188	0.825668	5452
1142	1368	0.8261296	5453
5049	4834	0.82620543	5454
1971	5147	0.8263085	5455
4203	580	0.82638305	5456
3113	1701	0.82663506	5457
3591	3403	0.82677627	5458
4677	5128	0.8280605	5459
3944	3358	0.8282508	5460
2573	3458	0.8283856	5461
3152	2697	0.828459	5462
4814	4966	0.8289243	5463
1010	4888	0.8292247	5464
5023	5113	0.82949144	5465
3444	3165	0.8297614	5466
5181	4440	0.8298563	5467
2374	5071	0.82989234	5468
5218	1006	0.82992685	5469
1925	2537	0.8301939	5470
5352	5000	0.83019626	5471
2280	1614	0.83094335	5472
2479	3388	0.83114314	5473
4282	4887	0.8312627	5474
5090	4811	0.8314283	5475
996	1519	0.83149433	5476
1991	2914	0.8316157	5477
2836	5149	0.83175135	5478
4175	2185	0.83178586	5479
1965	4166	0.83211863	5480
4409	1656	0.83226967	5481
649	2900	0.83261496	5482
1667	852	0.832883	5483
3142	2145	0.8329771	5484
3690	3330	0.83319277	5485
2440	2173	0.8335131	5486
2179	2006	0.8342622	5487
5322	4702	0.834301	5488
1535	1930	0.8345834	5489
2937	2701	0.83466256	5490
2782	4921	0.83529025	5491
754	1197	0.83532697	5492
4828	1217	0.8353282	5493
3642	2408	0.83581245	5494
3784	4343	0.83583546	5495
5451	5130	0.8359343	5496
1759	4635	0.83605015	5497
4737	3257	0.83643067	5498
5291	4600	0.83687705	5499
4516	1382	0.83689076	5500
3261	4513	0.8371786	5501
4977	4730	0.83719444	5502
1497	255	0.83773315	5503
5134	5176	0.83774614	5504
3236	4900	0.8382201	5505
5030	2971	0.83835644	5506
1950	1790	0.83839893	5507
3058	5380	0.8384961	5508
5194	5123	0.8387977	5509
1638	3301	0.8389862	5510
3241	3242	0.83899075	5511
1193	1556	0.83932376	5512
5078	2190	0.8396863	5513
4597	3614	0.8397876	5514
3389	5146	0.83994645	5515
5364	4968	0.8402822	5516
2245	1983	0.8406288	5517
2085	1657	0.8409898	5518
4504	1153	0.8410502	5519
2678	3675	0.84121215	5520
4651	5135	0.8412464	5521
4680	3145	0.8412492	5522
5174	2342	0.8414519	5523
3303	3738	0.8415039	5524
4378	72	0.8417814	5525
1601	980	0.8425449	5526
5009	5327	0.842732	5527
4422	2050	0.84291553	5528
2148	2621	0.84396183	5529
3822	4688	0.84432256	5530
881	5309	0.84551364	5531
2882	2284	0.8457972	5532
2101	4098	0.84587073	5533
2723	2023	0.8460556	5534
5294	2866	0.8463123	5535
1158	945	0.84687847	5536
5226	4602	0.8472086	5537
3048	4970	0.8473862	5538
929	4854	0.84760964	5539
2550	3166	0.8476787	5540
1717	1668	0.848128	5541
5118	4742	0.8483218	5542
4395	1324	0.8487915	5543
4632	5063	0.8488909	5544
3705	2217	0.8489434	5545
5159	1349	0.8489961	5546
1384	2057	0.84913605	5547
1418	4952	0.8491636	5548
3951	2969	0.84953886	5549
2548	2261	0.8495625	5550
5156	1526	0.8496276	5551
5435	2309	0.85006565	5552
2680	3148	0.8502527	5553
3268	1869	0.85033923	5554
1352	4859	0.85061383	5555
5025	4638	0.8509617	5556
3160	5138	0.85101813	5557
796	1401	0.8514726	5558
4749	2168	0.8517599	5559
2936	1332	0.8519379	5560
5209	5252	0.85201055	5561
4250	3184	0.8522172	5562
2982	2614	0.8523243	5563
4741	5088	0.8523661	5564
4478	4641	0.85242677	5565
4943	1152	0.8529424	5566
5305	4824	0.85319257	5567
5208	4945	0.8535564	5568
2240	5142	0.8541241	5569
1904	1173	0.854145	5570
2161	2286	0.85478824	5571
4358	1871	0.85507107	5572
3454	2364	0.8554312	5573
1322	574	0.85594386	5574
3721	3090	0.85603744	5575
2504	2221	0.8561503	5576
5015	1907	0.856753	5577
2593	5136	0.85695523	5578
3438	3534	0.8570451	5579
4763	4802	0.85704756	5580
3095	3440	0.8571978	5581
5228	1748	0.85723877	5582
1032	981	0.8572496	5583
5016	5306	0.8585966	5584
5158	4507	0.8589579	5585
4661	5058	0.8589653	5586
5487	2318	0.85902745	5587
3460	2932	0.8590931	5588
5349	1127	0.85923445	5589
5504	5141	0.8593854	5590
3026	4704	0.8595386	5591
3060	2717	0.85968393	5592
1230	770	0.86038274	5593
4845	4951	0.86041486	5594
1960	2506	0.8604779	5595
5106	5125	0.8605284	5596
3627	1680	0.8610085	5597
5203	4294	0.8610844	5598
3361	3533	0.8615388	5599
4719	647	0.8616301	5600
1317	1244	0.8618728	5601
5238	4056	0.8619537	5602
5014	4177	0.86232257	5603
5387	4479	0.8623401	5604
3799	3844	0.86273056	5605
1040	4671	0.8628317	5606
5122	2383	0.8629196	5607
4754	234	0.8629554	5608
1867	729	0.86313355	5609
5001	2167	0.8632069	5610
4467	5506	0.8634556	5611
1395	379	0.8637256	5612
2538	4347	0.86399865	5613
4732	1014	0.86449665	5614
2820	3291	0.8647522	5615
3923	3913	0.86515194	5616
5317	4189	0.8651725	5617
4920	3570	0.8656179	5618
991	5363	0.86565334	5619
3563	3571	0.8657455	5620
5067	711	0.8658037	5621
5454	4614	0.86588883	5622
4530	1328	0.8664937	5623
4634	3569	0.86675704	5624
4322	2060	0.86687803	5625
2303	2273	0.8669798	5626
3172	5196	0.8671559	5627
1858	1479	0.86722636	5628
1371	1941	0.86738086	5629
844	5083	0.86772984	5630
4183	2612	0.86780304	5631
2733	5260	0.8678466	5632
1993	2212	0.8679261	5633
4990	4495	0.86809313	5634
4708	5115	0.8681003	5635
5269	4896	0.86849135	5636
3544	3341	0.86858284	5637
4731	317	0.8685913	5638
3829	2749	0.86862963	5639
3791	2582	0.86865157	5640
2542	2189	0.8688327	5641
2525	4969	0.86892515	5642
1642	2003	0.8689691	5643
5077	4923	0.86951476	5644
1729	451	0.8697449	5645
1345	4855	0.86977756	5646
5235	4540	0.87008077	5647
621	838	0.87070256	5648
4714	4606	0.87083495	5649
1682	5449	0.8711463	5650
469	3974	0.8716389	5651
5171	1251	0.8716713	5652
5277	4848	0.87170655	5653
4313	5116	0.8724617	5654
3588	3590	0.87295	5655
5217	4981	0.87298536	5656
4563	757	0.87305987	5657
1111	5569	0.87310183	5658
4927	3599	0.8733966	5659
3649	3760	0.873661	5660
2265	1421	0.8737546	5661
1460	3192	0.8739769	5662
3228	4804	0.87404436	5663
5153	4984	0.87406254	5664
5145	5381	0.8742544	5665
4785	4603	0.8745233	5666
1726	5646	0.87465006	5667
5531	5026	0.87479055	5668
5164	1180	0.87503624	5669
1079	1047	0.8757933	5670
2015	3387	0.8758001	5671
1723	5443	0.8758711	5672
1564	5334	0.87587667	5673
1650	2061	0.876035	5674
4874	426	0.87639785	5675
731	4894	0.8764288	5676
4506	54	0.876566	5677
1004	5155	0.8766381	5678
4410	1350	0.8767422	5679
4618	5355	0.876849	5680
5345	4898	0.87746227	5681
1764	1940	0.87750435	5682
3841	3305	0.87815386	5683
2420	4935	0.87829626	5684
4869	1309	0.87832487	5685
2979	2357	0.8783526	5686
1918	2140	0.87842685	5687
3255	4743	0.8785044	5688
5271	5091	0.8786584	5689
826	4154	0.878678	5690
4989	787	0.8791044	5691
2349	1458	0.8801209	5692
2905	2581	0.8802256	5693
5374	4841	0.8802883	5694
2695	2919	0.8811842	5695
5044	498	0.881369	5696
4547	1677	0.88149667	5697
2876	5180	0.88178	5698
5018	69	0.8826027	5699
4494	5464	0.88312954	5700
4686	1183	0.8837198	5701
5124	4407	0.8843682	5702
4909	4890	0.8843965	5703
3245	2052	0.88455194	5704
2759	2852	0.88491166	5705
4897	5002	0.88499546	5706
5377	5224	0.88531834	5707
1506	727	0.8853258	5708
4925	5047	0.8855871	5709
3339	3549	0.8856363	5710
3226	4799	0.88577807	5711
5428	2600	0.88634765	5712
2444	2592	0.88669324	5713
1633	1068	0.88691604	5714
4559	5132	0.8871745	5715
1921	5543	0.88722306	5716
5307	5275	0.8873043	5717
5668	5081	0.8874792	5718
2163	2615	0.8876659	5719
2488	2123	0.88803065	5720
3349	3510	0.8883518	5721
484	4831	0.8887024	5722
5456	4931	0.8894664	5723
2673	2540	0.88961977	5724
2533	2860	0.889912	5725
5475	5369	0.8899536	5726
5257	1136	0.8899868	5727
5227	3322	0.89077246	5728
1796	1472	0.8908254	5729
4875	5062	0.89092547	5730
3009	2778	0.8909342	5731
3938	3937	0.8914548	5732
5107	4902	0.89162725	5733
5396	5094	0.89164764	5734
5045	5421	0.89167696	5735
2399	3427	0.8919821	5736
5297	5266	0.8920155	5737
736	5087	0.8921046	5738
928	5050	0.8923021	5739
5447	1522	0.8923471	5740
4326	3626	0.8928882	5741
2939	1512	0.89293665	5742
2970	3221	0.89322853	5743
310	307	0.8932319	5744
5178	874	0.89402086	5745
5517	2219	0.8942704	5746
4191	2439	0.8943797	5747
4764	3209	0.89445907	5748
2925	2210	0.8947822	5749
4914	3770	0.8953738	5750
753	998	0.8954205	5751
557	5201	0.89542454	5752
3378	2370	0.8961285	5753
5221	5384	0.8961414	5754
4899	4880	0.8969499	5755
4239	5253	0.89735806	5756
1159	5342	0.8974014	5757
2741	3482	0.89748955	5758
2776	1435	0.8975435	5759
5321	5513	0.897557	5760
3933	3897	0.8978834	5761
5186	5034	0.89819556	5762
399	5202	0.89837444	5763
2480	2511	0.8987407	5764
2839	5337	0.8991508	5765
2138	4309	0.8997551	5766
5103	696	0.9003919	5767
4957	4748	0.90041566	5768
2597	4193	0.9004242	5769
5286	4849	0.90071726	5770
1934	2396	0.9007272	5771
3803	4387	0.9007452	5772
3421	3333	0.900849	5773
5690	4419	0.90105426	5774
4908	4035	0.90116644	5775
5601	1686	0.901425	5776
3828	2813	0.90208626	5777
2602	1263	0.9022408	5778
2522	1188	0.9024455	5779
1574	1879	0.90246606	5780
5092	4591	0.9024883	5781
1779	5199	0.9025907	5782
5437	5204	0.90271556	5783
905	4958	0.9027407	5784
5320	1805	0.9031841	5785
3131	2585	0.90344954	5786
2490	2222	0.9034802	5787
3158	3144	0.90361124	5788
1972	1172	0.904004	5789
3881	5397	0.90449286	5790
5415	5325	0.90452796	5791
895	4621	0.9046006	5792
5066	2071	0.9046719	5793
335	5068	0.90473366	5794
4776	3536	0.9049512	5795
1175	269	0.90505266	5796
5414	5584	0.90530694	5797
3111	3216	0.9054445	5798
5417	5436	0.9055957	5799
2660	4967	0.9056506	5800
3826	4982	0.905938	5801
5329	238	0.9068757	5802
1868	655	0.9070524	5803
1872	5097	0.9076262	5804
3398	3080	0.90767074	5805
3732	3652	0.9079988	5806
1947	5441	0.9083954	5807
4924	902	0.90852666	5808
2246	4926	0.9085475	5809
5527	4351	0.90858614	5810
3295	5362	0.90868306	5811
1532	839	0.90879375	5812
4082	4798	0.90932286	5813
4710	2054	0.9096139	5814
1441	4690	0.91014946	5815
2894	3187	0.91029924	5816
2426	3698	0.9104311	5817
4996	799	0.91045415	5818
3193	2442	0.91075784	5819
5430	1484	0.9107761	5820
2503	5299	0.91081995	5821
5013	2711	0.9108935	5822
438	5465	0.9110718	5823
4660	3432	0.9111377	5824
4827	1411	0.91113955	5825
5137	4184	0.91114175	5826
4796	4876	0.91121876	5827
5778	2907	0.91149205	5828
5439	661	0.91216576	5829
5051	5512	0.91248065	5830
5632	2608	0.9126196	5831
4768	5691	0.9128231	5832
1555	5666	0.91307133	5833
5033	3502	0.91321456	5834
1404	1640	0.91350013	5835
2498	5070	0.91355395	5836
5250	5285	0.9136159	5837
1634	1331	0.91363996	5838
1226	3019	0.91418505	5839
872	5476	0.9149017	5840
3831	3824	0.91562784	5841
3232	3125	0.91576123	5842
3780	4126	0.9161897	5843
2915	5554	0.9162726	5844
508	378	0.9163523	5845
5457	1672	0.9163713	5846
3380	4954	0.91652346	5847
3500	3381	0.9165545	5848
4503	3981	0.91691005	5849
5043	4939	0.9170944	5850
2605	1733	0.9172324	5851
5105	5482	0.91723615	5852
5636	114	0.91731405	5853
1464	1596	0.918094	5854
1903	5539	0.9186703	5855
4664	5382	0.9189435	5856
1541	620	0.9191164	5857
3547	3575	0.919303	5858
5635	4789	0.9193866	5859
4689	2228	0.9195327	5860
2026	5114	0.9197716	5861
5293	280	0.9202665	5862
3384	2755	0.9206028	5863
3074	865	0.92093563	5864
5754	4538	0.9214046	5865
4846	5211	0.9214477	5866
5245	2806	0.9225187	5867
4973	5537	0.92259115	5868
4905	5021	0.92282075	5869
988	780	0.92298025	5870
3676	3725	0.92339844	5871
1227	456	0.92369145	5872
2216	3606	0.9237872	5873
3498	1431	0.9241581	5874
3936	3943	0.92433566	5875
5555	4414	0.9243588	5876
1192	3147	0.92442375	5877
2178	2921	0.92506915	5878
1803	4637	0.92507994	5879
5499	4886	0.92528534	5880
1286	5528	0.9257289	5881
5452	1772	0.92634004	5882
4941	3309	0.9264416	5883
5268	1238	0.9265688	5884
4389	5598	0.9270173	5885
5463	321	0.927278	5886
5404	5656	0.927596	5887
2477	2305	0.92773587	5888
5254	1909	0.9279449	5889
5773	3362	0.9286199	5890
5618	3731	0.92925996	5891
2233	3573	0.9295503	5892
1029	560	0.9302057	5893
5375	5510	0.9303223	5894
3477	3994	0.9303659	5895
1937	5657	0.93057495	5896
4863	4971	0.93065864	5897
1327	1753	0.9308907	5898
2068	1537	0.93097466	5899
5270	5715	0.93115133	5900
5634	1351	0.93136567	5901
5160	5393	0.9314568	5902
5385	5357	0.93167746	5903
1609	5278	0.9318275	5904
2841	5035	0.9319148	5905
5502	5440	0.93202716	5906
3386	2502	0.9320972	5907
2134	2658	0.93217427	5908
5633	2940	0.9324051	5909
5246	5461	0.9328817	5910
5251	123	0.9329986	5911
1406	4385	0.93343997	5912
1297	719	0.9334653	5913
5433	5582	0.93357104	5914
1160	5488	0.93376416	5915
3118	2664	0.93442583	5916
4833	5205	0.93485075	5917
1001	2743	0.9350114	5918
3600	3371	0.93564075	5919
5665	5191	0.9357639	5920
3040	5098	0.9359032	5921
2594	3156	0.9359996	5922
2935	4624	0.93606347	5923
4662	961	0.93615556	5924
3622	4297	0.9363035	5925
4374	3728	0.9371354	5926
3412	3035	0.93738544	5927
4116	3719	0.93768513	5928
1407	5518	0.9378577	5929
1810	330	0.9379891	5930
3434	3430	0.9380534	5931
1315	5287	0.9381628	5932
5053	2208	0.93838924	5933
5193	5860	0.9387074	5934
223	4707	0.9388219	5935
2948	3091	0.9390812	5936
2574	4411	0.9392228	5937
1741	5281	0.9393107	5938
1501	2205	0.93941355	5939
767	176	0.9394268	5940
1837	1825	0.9395171	5941
1436	386	0.9396815	5942
3638	3762	0.939759	5943
4861	4564	0.9399463	5944
5815	1274	0.9400056	5945
2119	2102	0.9404635	5946
4773	5681	0.9406569	5947
5150	3635	0.940786	5948
1889	3037	0.94081306	5949
5314	1084	0.94100267	5950
2507	3034	0.9410312	5951
773	2362	0.9411501	5952
5133	755	0.94127357	5953
3797	3124	0.9412952	5954
5126	5766	0.9413005	5955
1821	5303	0.94133466	5956
5496	5664	0.9414933	5957
5290	4459	0.94183767	5958
3825	3260	0.9418589	5959
5031	414	0.9425008	5960
5316	5608	0.942516	5961
3687	3870	0.9427357	5962
3516	3677	0.9431705	5963
3830	2457	0.9434756	5964
5764	2994	0.9435263	5965
2647	2308	0.9436885	5966
5332	5182	0.9437926	5967
2065	5183	0.9438405	5968
4895	1802	0.94388896	5969
5733	4549	0.9441949	5970
3663	3464	0.9443681	5971
4842	5734	0.94532007	5972
5192	5611	0.9453766	5973
3296	3749	0.9456187	5974
5046	5166	0.9465679	5975
4955	4666	0.9468839	5976
5667	5312	0.94839036	5977
1266	5809	0.9485346	5978
5653	4312	0.94888294	5979
3064	1373	0.9489794	5980
4885	5619	0.949901	5981
1812	1100	0.9501026	5982
1964	5368	0.95074373	5983
3453	2938	0.95098966	5984
5578	1995	0.9525642	5985
2675	4979	0.95261604	5986
2069	5010	0.9530073	5987
4986	5442	0.9532181	5988
5319	2172	0.95359194	5989
2682	1553	0.9538755	5990
2230	5225	0.95413065	5991
4670	3360	0.95581055	5992
5423	3036	0.9559095	5993
517	5401	0.95592594	5994
2352	5240	0.9561453	5995
775	714	0.9564633	5996
5346	4698	0.9565346	5997
5763	427	0.9568021	5998
5024	4353	0.9569458	5999
2182	5564	0.9571067	6000
5833	4917	0.95714974	6001
3097	2482	0.9572352	6002
5060	1055	0.9572429	6003
5157	2917	0.95771635	6004
5184	1514	0.95801616	6005
5341	5296	0.958405	6006
2918	3005	0.95869935	6007
5520	1906	0.9589933	6008
2267	2558	0.95938516	6009
1673	492	0.9595512	6010
4363	4813	0.95979595	6011
3604	2753	0.95982003	6012
2748	2830	0.9598633	6013
2129	2121	0.9602037	6014
2631	1399	0.9606339	6015
2780	1605	0.96079445	6016
1290	2926	0.9610749	6017
3383	5048	0.9612545	6018
5247	5831	0.96153647	6019
1267	3179	0.96193886	6020
1288	1767	0.9623745	6021
5565	5347	0.9623867	6022
2327	5850	0.9625368	6023
5280	5459	0.9625683	6024
5344	5904	0.96276873	6025
5495	5029	0.963409	6026
5340	4919	0.9637023	6027
2328	2949	0.9637263	6028
3504	3423	0.9638459	6029
5589	1139	0.96424186	6030
2576	3030	0.9645297	6031
5672	2845	0.9645821	6032
5944	5760	0.96495426	6033
5445	2877	0.96504474	6034
5093	5229	0.9651338	6035
5242	4915	0.9653208	6036
5102	5765	0.9654326	6037
5538	5793	0.9656099	6038
5521	5784	0.96574575	6039
5481	5522	0.9658479	6040
3469	3852	0.9661582	6041
5652	5644	0.966457	6042
2142	4818	0.966715	6043
5645	5696	0.96678823	6044
5613	4803	0.96711963	6045
1856	5650	0.9675277	6046
5117	997	0.9686421	6047
2633	5398	0.9689259	6048
2720	5255	0.96900845	6049
612	134	0.9695319	6050
1793	5272	0.96954405	6051
3109	1713	0.96983474	6052
5402	4865	0.96988523	6053
3781	3566	0.96991664	6054
4755	5359	0.96992505	6055
3251	5659	0.9703726	6056
3334	5241	0.97047603	6057
3518	1495	0.9706362	6058
3377	2014	0.9707103	6059
5767	5709	0.9707182	6060
1020	5711	0.97119737	6061
973	5416	0.9712378	6062
5039	111	0.97127295	6063
5530	5917	0.97161335	6064
5805	2091	0.97173613	6065
5503	199	0.9717496	6066
5823	1092	0.971959	6067
5591	5689	0.9723844	6068
5219	5927	0.9724136	6069
3526	5484	0.97320694	6070
4858	5222	0.973381	6071
3651	3815	0.97340643	6072
2603	541	0.97391164	6073
3589	5172	0.9745589	6074
1850	1209	0.97458863	6075
5915	5791	0.9747442	6076
3088	5581	0.97474945	6077
4972	630	0.9750638	6078
5276	1491	0.97510403	6079
3376	5572	0.9751844	6080
4646	5886	0.9756779	6081
3342	2064	0.9758515	6082
2048	2709	0.9765972	6083
4918	5533	0.9767511	6084
4940	2343	0.9767957	6085
1109	5080	0.976853	6086
2630	2864	0.97753465	6087
3501	5514	0.9778655	6088
5935	5999	0.97854036	6089
5323	3045	0.97862065	6090
2040	860	0.9792435	6091
1273	4783	0.97956896	6092
3556	3718	0.97971606	6093
5694	4458	0.9811084	6094
4988	1948	0.98122424	6095
5783	5431	0.98140454	6096
5912	4820	0.98158383	6097
3223	6087	0.9816499	6098
3558	3001	0.9817569	6099
5859	5075	0.9818087	6100
5326	297	0.98201865	6101
4815	6003	0.9824859	6102
5540	5162	0.9831021	6103
5688	5304	0.9831373	6104
5339	5419	0.98314464	6105
1046	5315	0.9833332	6106
1448	2000	0.9833925	6107
5515	5921	0.98360705	6108
3551	3021	0.98380065	6109
3082	3621	0.98424757	6110
5237	394	0.984478	6111
5811	5333	0.9846505	6112
4582	1409	0.98467314	6113
5654	5726	0.9850361	6114
4178	1975	0.98532015	6115
1652	1628	0.98534065	6116
5111	5855	0.985408	6117
2325	5283	0.98594314	6118
5418	1683	0.98691803	6119
6023	5354	0.9877049	6120
4868	5372	0.9880034	6121
5086	6101	0.988314	6122
2729	1951	0.9886158	6123
2452	5562	0.9894919	6124
1138	3107	0.9895922	6125
3096	2107	0.9898732	6126
4629	6117	0.99013555	6127
5883	4817	0.99027044	6128
5262	5680	0.9911808	6129
5870	4640	0.9912359	6130
5165	2421	0.991541	6131
3832	2241	0.9916737	6132
5197	5410	0.9921108	6133
5338	2235	0.9926332	6134
3525	2783	0.9931191	6135
5386	5738	0.9931214	6136
5707	5741	0.99412113	6137
5019	5373	0.9942721	6138
1666	1080	0.9944824	6139
1277	1578	0.9952759	6140
5267	5911	0.99570835	6141
5177	2122	0.9957851	6142
5448	5914	0.99580735	6143
4766	4160	0.99587965	6144
1902	2247	0.99589735	6145
5298	1835	0.9960091	6146
3605	5846	0.996339	6147
2103	1502	0.99686176	6148
5258	4806	0.9969859	6149
2105	2042	0.9971891	6150
5370	5394	0.99721986	6151
5735	5837	0.9972506	6152
2531	1618	0.9973136	6153
5747	4816	0.9977834	6154
5836	5568	0.99780697	6155
4893	1607	0.99781895	6156
2577	1403	0.9978938	6157
5525	5519	0.9981287	6158
5360	217	0.99850726	6159
5879	5154	0.999013	6160
2130	3789	0.99976987	6161
5491	5686	0.99977535	6162
5749	5557	0.9999524	6163
5901	5577	1.0000821	6164
5660	3729	1.0003531	6165
5330	512	1.0003933	6166
3298	5405	1.0006227	6167
6084	5603	1.0009975	6168
1060	5003	1.0012984	6169
5052	5977	1.0013396	6170
5906	6067	1.001691	6171
2870	1958	1.0017645	6172
2792	5038	1.0019494	6173
5708	1443	1.0021051	6174
4709	5542	1.0021105	6175
4473	1468	1.0022877	6176
5716	6011	1.0023268	6177
1355	1108	1.0023758	6178
5544	5630	1.0033324	6179
6021	5762	1.0033398	6180
2126	1679	1.0033748	6181
5017	5570	1.0039101	6182
4794	2270	1.003965	6183
2946	3771	1.0043806	6184
2960	2683	1.0045148	6185
5148	5920	1.0047157	6186
1980	2380	1.0047891	6187
5259	5295	1.0050151	6188
3053	5887	1.0054557	6189
2931	3750	1.0058011	6190
3617	3531	1.0059652	6191
2390	5942	1.0067513	6192
5894	2692	1.006943	6193
5545	4882	1.0070926	6194
5934	2234	1.0071368	6195
4781	4837	1.0072924	6196
3055	2904	1.0075995	6197
2409	5400	1.0078182	6198
3912	1606	1.0078965	6199
1699	645	1.0082413	6200
4241	5771	1.0083013	6201
5477	3436	1.0084486	6202
5318	5700	1.0084518	6203
3630	4697	1.008462	6204
4879	5468	1.0085344	6205
3537	4701	1.0086205	6206
5233	3557	1.0088851	6207
5027	5913	1.0093195	6208
3312	3646	1.0094199	6209
5376	5390	1.0096214	6210
5055	5647	1.0100002	6211
5642	935	1.0100952	6212
5902	5756	1.0101506	6213
5737	6112	1.01029	6214
5096	3678	1.0112681	6215
4376	5781	1.011543	6216
1608	1007	1.0115495	6217
5623	3066	1.0116295	6218
4953	5361	1.0117735	6219
1806	5409	1.0118759	6220
6007	1662	1.0120313	6221
3259	3343	1.0122901	6222
5420	4836	1.0125976	6223
4997	5590	1.0130281	6224
5407	4975	1.013045	6225
5730	5706	1.0130663	6226
4086	6068	1.0132911	6227
2520	1233	1.0134467	6228
1915	2851	1.0137584	6229
3363	5550	1.0140233	6230
5782	5785	1.014764	6231
2089	2249	1.0150932	6232
2472	3409	1.0153712	6233
4345	5120	1.0155627	6234
2772	5701	1.016047	6235
2162	4872	1.0163088	6236
3220	3788	1.0166221	6237
5119	5129	1.0173242	6238
6119	5810	1.0187435	6239
5748	3354	1.0188257	6240
5466	2731	1.0189108	6241
5206	5717	1.019256	6242
5230	1704	1.0197854	6243
2655	1195	1.0201184	6244
5348	244	1.0204608	6245
5365	5867	1.0207093	6246
5770	5929	1.0208566	6247
4685	2848	1.0223188	6248
2127	5798	1.0225713	6249
6006	5516	1.0230776	6250
5651	325	1.0231893	6251
2976	2641	1.0232493	6252
5794	4699	1.0235381	6253
724	5839	1.0237749	6254
5658	5622	1.0238782	6255
5909	1914	1.0243574	6256
5479	3947	1.0247461	6257
5413	6220	1.0247941	6258
3283	3038	1.0249494	6259
5523	2657	1.0251746	6260
5592	4790	1.0252466	6261
5234	5835	1.025951	6262
3468	3859	1.0259546	6263
3400	5931	1.0262785	6264
3407	2803	1.0264843	6265
3443	5580	1.0266112	6266
1959	5676	1.0268542	6267
5353	5458	1.0273216	6268
888	1190	1.0275002	6269
5084	252	1.0276666	6270
5787	5012	1.0281587	6271
5383	781	1.0283306	6272
6188	5207	1.0288675	6273
3640	5891	1.0293303	6274
4496	6025	1.0297449	6275
6133	4355	1.0298365	6276
2229	5821	1.0299567	6277
2118	5036	1.0303056	6278
2543	2521	1.0305307	6279
734	455	1.0308876	6280
2672	5220	1.0309219	6281
3439	2869	1.0309551	6282
1957	5455	1.0309899	6283
5427	5169	1.0310302	6284
5004	4892	1.0315777	6285
5865	5853	1.0320385	6286
3636	3462	1.03226	6287
1003	2133	1.0330344	6288
5903	6020	1.0330741	6289
5324	271	1.0332689	6290
6062	1039	1.0337846	6291
3203	5987	1.0339092	6292
3910	3787	1.0340127	6293
3451	3794	1.0341176	6294
5952	2906	1.0342841	6295
3240	5777	1.0349073	6296
2557	6026	1.0351578	6297
3694	3697	1.0352153	6298
2871	5308	1.035549	6299
3224	2810	1.0359844	6300
3885	3693	1.0359885	6301
3029	5331	1.0360887	6302
5861	5467	1.0364891	6303
5856	4867	1.0365808	6304
5532	1924	1.0366964	6305
6040	5567	1.0367986	6306
5560	5988	1.0369626	6307
6116	4438	1.0371503	6308
6036	5957	1.0373213	6309
3823	5673	1.0374368	6310
5827	571	1.037471	6311
6048	1845	1.0378063	6312
6094	6224	1.0381374	6313
3267	3041	1.0383115	6314
6081	5509	1.0387384	6315
3899	5371	1.0387573	6316
5216	5586	1.0387696	6317
5910	4949	1.0388744	6318
3564	4455	1.0390426	6319
5863	3431	1.0395792	6320
5736	5498	1.0397816	6321
5832	5621	1.0398616	6322
2954	3585	1.0399655	6323
6179	1377	1.0399696	6324
5505	5698	1.0401015	6325
5378	5559	1.0401576	6326
5972	502	1.0407504	6327
5607	5998	1.0410728	6328
5500	4807	1.0412102	6329
5356	5981	1.0413512	6330
5885	6151	1.041589	6331
5244	5501	1.0417225	6332
4420	3920	1.0419112	6333
5558	1678	1.0419346	6334
1416	5678	1.0423633	6335
5759	6058	1.0423771	6336
3445	5576	1.0432379	6337
5930	1369	1.0434754	6338
2601	6118	1.0436368	6339
6215	5243	1.0438628	6340
5692	1737	1.0438799	6341
2688	5897	1.0441252	6342
1698	938	1.0443443	6343
5639	3244	1.0448701	6344
2618	5937	1.0455883	6345
1687	5960	1.0456246	6346
6078	5546	1.0457407	6347
604	1236	1.0461891	6348
5864	1788	1.0465255	6349
5615	5497	1.0466518	6350
5900	5637	1.0471549	6351
2769	1833	1.0472672	6352
6060	615	1.0472957	6353
1237	5231	1.047515	6354
6207	1762	1.0476619	6355
1323	5179	1.0477058	6356
2549	2911	1.0479829	6357
6239	665	1.0483811	6358
5677	5739	1.0484595	6359
4983	4808	1.0485396	6360
1500	336	1.0486239	6361
5493	2837	1.04898	6362
5830	4753	1.0496271	6363
3042	2995	1.0497794	6364
1275	5625	1.0498474	6365
957	4601	1.0500753	6366
3699	3574	1.0506656	6367
5460	1575	1.0508593	6368
4186	2283	1.051702	6369
762	783	1.0517371	6370
5849	4083	1.0517669	6371
5057	6024	1.0519462	6372
6019	5311	1.0522828	6373
4734	2611	1.0525478	6374
5547	417	1.0527956	6375
5967	6186	1.0530162	6376
6105	5970	1.0531948	6377
1282	5426	1.053587	6378
6147	4484	1.0539185	6379
5507	5792	1.0543991	6380
3672	1962	1.0544006	6381
5536	6086	1.0548916	6382
590	27	1.0549576	6383
2565	2144	1.055237	6384
5606	5851	1.0556555	6385
5406	3328	1.0557818	6386
5745	5548	1.0560225	6387
5100	1360	1.0565104	6388
5190	6139	1.0565604	6389
5936	5008	1.0571511	6390
3820	5975	1.0577133	6391
690	6143	1.0580546	6392
5236	6047	1.0581415	6393
3971	3353	1.0584798	6394
6372	5556	1.0587453	6395
2317	2794	1.0588266	6396
6131	6302	1.058979	6397
1635	1178	1.0594649	6398
4567	2171	1.0595363	6399
5956	4938	1.0595671	6400
5629	1486	1.0596519	6401
3027	6038	1.0598012	6402
6130	5594	1.0600777	6403
5596	6044	1.0600946	6404
5064	4726	1.0610931	6405
3905	3795	1.0616038	6406
5862	5802	1.0618747	6407
6037	6121	1.0620699	6408
226	224	1.0627366	6409
3315	6088	1.0631931	6410
5424	3126	1.06377	6411
5923	4767	1.0655806	6412
5675	2039	1.0661448	6413
5302	6312	1.066303	6414
5744	1033	1.0665363	6415
5878	3101	1.0668857	6416
6077	6198	1.0674156	6417
5718	6275	1.0676161	6418
742	5551	1.0676901	6419
2339	1778	1.067761	6420
4386	6138	1.0681732	6421
2572	955	1.0685062	6422
6174	5979	1.0693613	6423
5256	5727	1.0700285	6424
6193	5627	1.0700315	6425
5834	6271	1.0701351	6426
3782	5469	1.0710901	6427
2312	6260	1.0711892	6428
2004	2255	1.0712	6429
6137	6103	1.0715258	6430
6127	2137	1.0718553	6431
858	5941	1.072043	6432
3865	6238	1.0721714	6433
5774	5648	1.0726036	6434
6034	5813	1.0734978	6435
6066	5600	1.0741963	6436
5573	2883	1.07461	6437
2942	5753	1.074735	6438
5703	6231	1.0747998	6439
5552	6108	1.0748167	6440
5472	3461	1.0752932	6441
3619	2859	1.0754752	6442
1888	6262	1.075897	6443
5713	4477	1.0768766	6444
5743	5757	1.0769038	6445
5803	296	1.0779228	6446
3793	3256	1.0781677	6447
3100	5661	1.0783775	6448
3707	4066	1.0788913	6449
4555	5938	1.0790266	6450
420	5722	1.0790588	6451
3681	3674	1.0795269	6452
1563	6327	1.0795455	6453
1648	75	1.0799044	6454
5720	2727	1.0800533	6455
5933	682	1.0803223	6456
5826	4838	1.0807481	6457
6236	5429	1.080785	6458
6027	5868	1.0812644	6459
6310	4071	1.0814943	6460
6341	2187	1.0820671	6461
5301	5866	1.0822039	6462
3512	3418	1.0842202	6463
6167	2992	1.0843041	6464
5996	882	1.0845566	6465
3356	5597	1.0850005	6466
3480	756	1.0857749	6467
2392	5670	1.0859058	6468
5486	6297	1.0863032	6469
4295	6237	1.086678	6470
4667	6057	1.0867119	6471
1577	713	1.087145	6472
6080	5020	1.0871701	6473
6296	6233	1.0871943	6474
3355	5712	1.0872645	6475
5869	6111	1.0874265	6476
6120	5561	1.0878018	6477
3873	3579	1.0894094	6478
5617	6176	1.0903914	6479
1151	444	1.0908062	6480
5679	5028	1.0909896	6481
3258	5958	1.0912693	6482
6347	4692	1.0914731	6483
6432	868	1.0920526	6484
3613	3843	1.0920962	6485
5284	1728	1.0928006	6486
1232	540	1.0928174	6487
2799	5882	1.0931458	6488
3520	3568	1.0936924	6489
5489	5719	1.094296	6490
1116	2450	1.0943145	6491
3365	3561	1.0943669	6492
3073	3213	1.0946972	6493
2796	2636	1.0957509	6494
5965	6374	1.0958402	6495
6342	5471	1.0960747	6496
3916	3769	1.0961943	6497
1469	4349	1.0964149	6498
5976	5829	1.0965859	6499
1922	1559	1.0970451	6500
6051	5697	1.0972303	6501
6017	849	1.0974523	6502
4608	4980	1.0975342	6503
1594	5391	1.0979637	6504
5907	5663	1.0986829	6505
5881	5947	1.0999599	6506
5889	6391	1.1001694	6507
5755	6258	1.1002985	6508
813	5389	1.1008472	6509
5595	3318	1.1010387	6510
5210	5973	1.1010472	6511
5274	256	1.1014504	6512
1818	4825	1.101489	6513
5926	3279	1.1015807	6514
798	5223	1.1016357	6515
3325	6355	1.101728	6516
6250	6213	1.1019042	6517
6194	2445	1.1025155	6518
5446	1928	1.1026555	6519
6332	5768	1.1027502	6520
6210	6128	1.1032333	6521
6292	6152	1.103333	6522
6113	6046	1.1033697	6523
6208	6030	1.1033733	6524
3253	3711	1.1034085	6525
5795	3542	1.1034938	6526
4964	6031	1.1036465	6527
6185	3127	1.104207	6528
5408	6400	1.1042347	6529
1125	2298	1.1059225	6530
6189	5799	1.1062984	6531
3751	5772	1.1064873	6532
5724	1777	1.1075038	6533
6291	5432	1.1076772	6534
5788	5728	1.1082273	6535
6089	3999	1.1086195	6536
1781	5282	1.1086984	6537
5877	2951	1.1087507	6538
5574	5614	1.1104642	6539
5804	5932	1.1107736	6540
3860	6022	1.110995	6541
3344	3248	1.1113664	6542
1847	5994	1.1118367	6543
1919	3217	1.1124316	6544
2094	1586	1.1127474	6545
5842	5494	1.1128576	6546
5587	2152	1.1130022	6547
5599	5366	1.1135441	6548
1044	2005	1.113623	6549
5797	986	1.1144967	6550
2571	2467	1.1145827	6551
5411	6353	1.1146501	6552
5674	1561	1.1148467	6553
6435	6277	1.1149541	6554
5769	6160	1.1151723	6555
6351	2978	1.1159621	6556
2730	6033	1.1162733	6557
5954	3625	1.1164349	6558
5624	5806	1.1164591	6559
6180	2443	1.1166711	6560
6074	6104	1.1168607	6561
3850	3706	1.1171945	6562
3345	5848	1.1183923	6563
3895	3919	1.118608	6564
6268	5350	1.1196971	6565
4889	2568	1.1201735	6566
3174	5620	1.121127	6567
3294	1797	1.1219078	6568
6228	2264	1.122324	6569
4259	5899	1.1224358	6570
1187	1259	1.1226021	6571
2552	6234	1.1227672	6572
1829	1383	1.1233298	6573
5388	5684	1.1238747	6574
3269	6303	1.1243281	6575
5789	934	1.1248772	6576
5989	3495	1.125253	6577
5526	6169	1.1255096	6578
6392	4265	1.1255786	6579
2519	878	1.1257535	6580
5819	2957	1.1258032	6581
4946	816	1.1272976	6582
6061	824	1.1273866	6583
3587	5422	1.127662	6584
3734	6012	1.1283315	6585
6129	5880	1.128373	6586
5511	6283	1.1287887	6587
3508	3347	1.1299822	6588
3775	3737	1.1304134	6589
5824	6309	1.1310662	6590
2090	1685	1.1314905	6591
5693	2027	1.1315033	6592
3357	2526	1.1320289	6593
5434	6284	1.1321573	6594
6195	5801	1.1323965	6595
5185	526	1.132602	6596
5643	1967	1.1326642	6597
1296	1542	1.1329887	6598
1938	6376	1.1330519	6599
5746	1878	1.1332763	6600
1584	5857	1.1337105	6601
6367	5480	1.1340202	6602
2762	6363	1.1346787	6603
4906	6035	1.1349187	6604
5490	1483	1.1356497	6605
3554	2199	1.1357124	6606
6178	1165	1.135881	6607
5076	1228	1.1365843	6608
6368	903	1.1372992	6609
4615	5820	1.1375105	6610
6255	6216	1.1375238	6611
3235	5214	1.1378372	6612
2297	5966	1.137919	6613
3603	6397	1.1384046	6614
4993	6144	1.1385369	6615
5959	5731	1.1389215	6616
1291	4884	1.1391139	6617
6406	3839	1.1394622	6618
3348	6240	1.1398385	6619
5742	5969	1.1401546	6620
5993	1942	1.1404235	6621
3861	6464	1.1409466	6622
3955	6251	1.1410526	6623
5529	5239	1.1415849	6624
5844	3429	1.1423354	6625
3742	2924	1.1423712	6626
5638	6122	1.142997	6627
3447	5750	1.1433051	6628
6402	6032	1.1434766	6629
5583	6076	1.1441422	6630
819	6063	1.144559	6631
536	648	1.144612	6632
887	6395	1.1454494	6633
1865	1570	1.1455075	6634
3297	3741	1.1456566	6635
6004	5671	1.1462399	6636
5358	556	1.1468976	6637
6052	5945	1.1475855	6638
6090	2351	1.1476526	6639
6211	6330	1.1479766	6640
5575	6070	1.1480967	6641
6410	3858	1.1486217	6642
5825	4995	1.149002	6643
6018	5508	1.1493989	6644
2415	706	1.149899	6645
6149	5892	1.1500812	6646
4703	4500	1.1511227	6647
3668	3515	1.1511823	6648
6214	6155	1.1516292	6649
6016	6164	1.1516706	6650
5173	1171	1.1530488	6651
3481	3130	1.1531055	6652
6177	6506	1.1538566	6653
2889	6266	1.1540828	6654
4599	6328	1.154089	6655
1846	1386	1.1541611	6656
1811	6148	1.1548367	6657
6206	3538	1.1556258	6658
5776	5814	1.1556952	6659
4934	6095	1.1557044	6660
6039	6599	1.1561717	6661
6253	6001	1.1565692	6662
5968	5876	1.1572918	6663
5474	6382	1.1576796	6664
2815	5704	1.1581398	6665
5983	6515	1.1581713	6666
5553	6227	1.1584908	6667
6438	1493	1.1587167	6668
5585	5775	1.158894	6669
6071	6450	1.1598278	6670
2460	1982	1.159963	6671
5343	6349	1.1600821	6672
6311	6434	1.1601127	6673
5852	3519	1.1601965	6674
6338	640	1.1603609	6675
1943	842	1.1606095	6676
6451	6096	1.1606469	6677
2738	2833	1.1606534	6678
992	5612	1.1608574	6679
3875	2332	1.161465	6680
3607	5955	1.1614971	6681
3154	3063	1.1620746	6682
6603	4878	1.1627585	6683
3854	2765	1.1628842	6684
5840	6156	1.163125	6685
6499	6181	1.163347	6686
3806	5616	1.1638217	6687
1476	6604	1.1638336	6688
6396	5610	1.1641632	6689
6306	6430	1.1641945	6690
6373	6318	1.164352	6691
5549	2823	1.1646827	6692
5444	437	1.1649389	6693
2427	2186	1.1651886	6694
3374	6264	1.1660436	6695
6620	6537	1.1660497	6696
6412	6494	1.166188	6697
3849	3932	1.1679188	6698
3194	6622	1.1680113	6699
1177	5796	1.1692395	6700
2676	5641	1.1695154	6701
2787	5631	1.1695956	6702
3535	6390	1.1701963	6703
6225	322	1.1714919	6704
2724	6379	1.1717516	6705
2642	6279	1.1720369	6706
6456	5056	1.1721923	6707
6475	6100	1.1729596	6708
6575	6459	1.1734902	6709
6437	5335	1.1739305	6710
2320	3134	1.1750022	6711
6170	1099	1.1750315	6712
6359	6203	1.1754408	6713
5985	6518	1.1755173	6714
6345	2654	1.1755959	6715
3238	2999	1.1760602	6716
6230	6242	1.1764667	6717
5367	5392	1.1766337	6718
2030	5450	1.1767068	6719
6204	6556	1.1767763	6720
4801	6229	1.1780301	6721
6384	5685	1.1781731	6722
6418	6552	1.1784884	6723
6273	6419	1.1785011	6724
6453	6536	1.1792785	6725
6073	6307	1.1793704	6726
6272	6324	1.1794786	6727
5395	6064	1.179515	6728
3277	2083	1.1800207	6729
6565	3746	1.1802076	6730
6557	6692	1.1802549	6731
6322	5896	1.1804488	6732
6217	6370	1.1805918	6733
6098	3763	1.1810914	6734
5925	5890	1.182443	6735
5800	3016	1.1825775	6736
2209	1445	1.1827157	6737
6719	5995	1.1827462	6738
3364	6246	1.18383	6739
3756	2493	1.1841214	6740
3827	5605	1.1860278	6741
6319	5602	1.1861221	6742
3282	2310	1.1863407	6743
3660	3857	1.1873783	6744
6581	6511	1.1875774	6745
5905	6428	1.1878545	6746
5714	6335	1.1880621	6747
6141	4590	1.1880622	6748
5873	6299	1.1882778	6749
3887	3926	1.1891137	6750
5399	5918	1.1891599	6751
5919	6274	1.1901487	6752
6278	6055	1.1910479	6753
1330	2016	1.1918306	6754
2835	6381	1.1921165	6755
6346	447	1.192127	6756
3197	2685	1.192426	6757
6521	6458	1.1927729	6758
5858	6304	1.1941108	6759
4683	5888	1.1942127	6760
3185	2943	1.1943756	6761
5978	5818	1.1946483	6762
6226	6358	1.1955462	6763
6232	5980	1.1957879	6764
6591	5121	1.1960754	6765
6200	1141	1.1965137	6766
6555	6114	1.1971016	6767
5723	6462	1.1987273	6768
6530	6281	1.1987323	6769
6527	2983	1.1987689	6770
6433	6069	1.1994884	6771
1697	1870	1.1995401	6772
3446	2306	1.1997045	6773
3927	3904	1.2013875	6774
6471	5838	1.2022288	6775
5232	6162	1.2030703	6776
6408	6529	1.2031833	6777
6443	5752	1.2032032	6778
6110	3744	1.2034966	6779
6624	6441	1.2036847	6780
6182	6483	1.2045236	6781
6190	6325	1.2053508	6782
6365	1663	1.2059569	6783
5780	2260	1.2062539	6784
3327	6703	1.2063863	6785
3465	6510	1.206906	6786
6752	6477	1.2079846	6787
3618	5990	1.2085855	6788
6708	6469	1.2085906	6789
6339	6667	1.2087169	6790
3024	6495	1.2094574	6791
6115	2758	1.2095164	6792
6386	6097	1.209566	6793
6636	3140	1.2097989	6794
2523	1848	1.2098302	6795
2952	3514	1.2099404	6796
6640	6158	1.2100202	6797
4747	4529	1.2107127	6798
2980	3227	1.2108656	6799
6507	6517	1.2109957	6800
1374	200	1.2111794	6801
4382	2307	1.2112393	6802
5991	5425	1.2114438	6803
3838	6427	1.2115685	6804
5438	5874	1.2116363	6805
4188	5682	1.2117552	6806
6629	2998	1.2120157	6807
6520	6377	1.21348	6808
4856	6440	1.2135038	6809
1388	1167	1.213595	6810
6298	3022	1.2152312	6811
6763	6541	1.215255	6812
3062	6362	1.2160772	6813
6809	1154	1.2164762	6814
5403	5729	1.2167027	6815
6348	6404	1.2167714	6816
2098	5893	1.217144	6817
2348	6183	1.2174621	6818
6331	6248	1.2180058	6819
3553	1432	1.2185714	6820
6126	2192	1.2187042	6821
4665	3810	1.218716	6822
6360	6286	1.218953	6823
1599	782	1.2191517	6824
6334	5982	1.2196097	6825
3730	6405	1.2199726	6826
6532	4457	1.2200443	6827
4965	5884	1.221096	6828
3767	3243	1.2211082	6829
6496	6709	1.221676	6830
1417	5478	1.223452	6831
3683	1096	1.2239686	6832
6587	6276	1.2239978	6833
5042	6002	1.224407	6834
6472	6534	1.2248515	6835
983	5845	1.2253988	6836
1515	680	1.2254947	6837
6269	4436	1.2260054	6838
6426	6241	1.2260098	6839
5816	6416	1.2262186	6840
5669	6436	1.2262859	6841
5462	5127	1.2269338	6842
2629	6305	1.2270526	6843
5951	5808	1.2271364	6844
2010	2896	1.227491	6845
2131	6457	1.2279996	6846
6157	5541	1.2281688	6847
6748	6315	1.2287923	6848
6512	5263	1.2294482	6849
6448	6329	1.2302536	6850
6502	6380	1.2309829	6851
5828	6196	1.2310615	6852
3052	6513	1.2311156	6853
3011	6519	1.2316736	6854
6205	3891	1.2321535	6855
5790	3777	1.2325354	6856
4151	6460	1.232878	6857
2646	3836	1.2347043	6858
5922	1929	1.2349367	6859
4539	203	1.2349935	6860
6664	6683	1.2353607	6861
5953	6270	1.2353886	6862
3530	3662	1.2355688	6863
5379	2887	1.2359128	6864
6615	5695	1.2361109	6865
6801	6407	1.2372583	6866
6531	6653	1.2375996	6867
6638	6317	1.2377046	6868
6000	2007	1.238095	6869
2496	6523	1.2382165	6870
6637	6724	1.2383912	6871
5822	6168	1.2386049	6872
5687	1992	1.2387874	6873
5916	3490	1.2398202	6874
6649	6786	1.2399124	6875
6569	1379	1.2405045	6876
4264	5854	1.2413874	6877
6222	6146	1.2416697	6878
6631	6053	1.2416718	6879
6256	3422	1.241673	6880
6184	6546	1.2426872	6881
2346	5626	1.2431319	6882
3196	5007	1.2439559	6883
5152	6669	1.2443106	6884
5571	2207	1.2443268	6885
6561	6681	1.2450198	6886
1760	5928	1.2450507	6887
3008	3631	1.245215	6888
4260	1391	1.2458535	6889
6718	6265	1.246177	6890
5843	5705	1.2468035	6891
6586	6247	1.2468045	6892
6079	1101	1.2469401	6893
6005	6145	1.2472014	6894
6445	6411	1.2478467	6895
5740	6288	1.2479274	6896
3123	6163	1.2479794	6897
6429	2719	1.2483389	6898
6085	6481	1.2485702	6899
2019	1221	1.248693	6900
5143	6577	1.2495315	6901
6490	6590	1.2503765	6902
1976	5817	1.2504237	6903
2923	2686	1.2506126	6904
6249	6628	1.2506261	6905
6285	5699	1.2514923	6906
3972	2108	1.2516508	6907
3273	6525	1.2519206	6908
3720	6572	1.2541935	6909
6526	6056	1.254264	6910
6854	6092	1.2545087	6911
6813	2975	1.2547023	6912
5566	4570	1.2552615	6913
6159	6550	1.2562997	6914
5195	1520	1.2563016	6915
6171	6313	1.2564098	6916
6244	3120	1.2564452	6917
6858	6614	1.2573768	6918
6554	2710	1.257817	6919
1539	6280	1.2595017	6920
6662	6819	1.2598189	6921
4991	2922	1.2598436	6922
6173	6745	1.259943	6923
6102	6630	1.2602627	6924
6570	4840	1.2605994	6925
3963	3476	1.2607012	6926
6627	1225	1.2608473	6927
3141	3281	1.2610439	6928
6504	6539	1.2616484	6929
6357	6610	1.2619195	6930
1771	6835	1.2619476	6931
3391	6493	1.262105	6932
3778	3402	1.2637832	6933
1740	6655	1.2639885	6934
6731	1749	1.2640034	6935
6738	6780	1.2644589	6936
6254	6823	1.2645744	6937
5604	6166	1.2647966	6938
6488	5702	1.2648356	6939
1344	6192	1.2677486	6940
3252	6564	1.2680495	6941
1145	436	1.2694227	6942
3835	6698	1.2695711	6943
5847	6814	1.2699028	6944
5997	6688	1.2699382	6945
6161	6134	1.2701663	6946
3306	3225	1.2710003	6947
6559	6728	1.2715904	6948
6424	6421	1.2721272	6949
6417	5655	1.2721274	6950
3086	6804	1.2723415	6951
3882	3639	1.2723678	6952
6065	2224	1.272868	6953
6643	1270	1.273421	6954
6484	1307	1.2742898	6955
6498	6465	1.2743043	6956
6663	6579	1.2745212	6957
6209	6326	1.2748188	6958
6316	5485	1.2769617	6959
1898	6461	1.2773681	6960
2391	6487	1.2779908	6961
2784	3366	1.278416	6962
5470	6902	1.2785145	6963
6723	6431	1.2792107	6964
6712	1280	1.2803248	6965
5483	6075	1.2804444	6966
6473	6566	1.2806412	6967
6906	6677	1.2816504	6968
6573	5924	1.2821422	6969
1602	6422	1.2830012	6970
6482	6008	1.2832847	6971
6439	372	1.2833672	6972
6109	3624	1.2836373	6973
6492	6736	1.2836931	6974
6777	6611	1.2838988	6975
6409	6732	1.2847481	6976
2598	6764	1.2855128	6977
5872	6366	1.2861352	6978
6816	6403	1.2864192	6979
4779	4904	1.2882974	6980
5492	6608	1.2887292	6981
6135	6505	1.2887824	6982
6690	6839	1.2910377	6983
4008	6013	1.291412	6984
5534	1413	1.292864	6985
1304	6713	1.2931397	6986
6321	6235	1.2931514	6987
6223	2024	1.2935811	6988
6245	6543	1.2942417	6989
6468	5059	1.2945386	6990
6356	6393	1.2945722	6991
6545	6907	1.2964556	6992
3419	3834	1.2966632	6993
6639	2213	1.297307	6994
3682	5649	1.2979693	6995
3896	6474	1.2981908	6996
3717	2891	1.2984859	6997
6670	5292	1.2990117	6998
5089	6704	1.3019704	6999
1393	6818	1.3021747	7000
3188	2632	1.3024261	7001
6352	2403	1.3033229	7002
5992	6793	1.3033518	7003
6701	6014	1.3045954	7004
6850	6414	1.3057432	7005
6589	6455	1.3057755	7006
3562	1624	1.3066609	7007
5758	6399	1.3067231	7008
6686	6834	1.3074145	7009
5609	6350	1.3076375	7010
4492	3924	1.3095212	7011
6387	5104	1.3096622	7012
2262	950	1.3102232	7013
1463	901	1.3105892	7014
6717	1905	1.3109648	7015
3304	2275	1.3111213	7016
6955	2404	1.3115091	7017
6548	6516	1.3120221	7018
6774	3909	1.312954	7019
1917	6812	1.3130375	7020
6041	6749	1.3135273	7021
790	6847	1.3135729	7022
6619	2627	1.313613	7023
6132	5535	1.3137313	7024
6218	6388	1.314309	7025
6423	2354	1.3158141	7026
5962	6933	1.3163936	7027
1751	6375	1.3167125	7028
3914	3880	1.3167639	7029
5593	6828	1.3174125	7030
3664	6562	1.3189349	7031
1956	2410	1.3192309	7032
6800	6508	1.3207576	7033
6994	6855	1.3214364	7034
3051	6851	1.3214712	7035
3548	3792	1.3216648	7036
6881	6734	1.3217493	7037
6919	6935	1.3225118	7038
6644	6650	1.3229367	7039
6923	6503	1.3234581	7040
6054	6588	1.3241587	7041
6753	5898	1.3242507	7042
6727	6725	1.325568	7043
6776	6859	1.3255699	7044
6840	2381	1.3256115	7045
6497	3764	1.3259256	7046
6654	6897	1.3262773	7047
6420	6154	1.3273246	7048
5751	5351	1.3276465	7049
3735	6746	1.3281296	7050
6896	6398	1.3283931	7051
6963	6833	1.3285782	7052
6140	6267	1.3288745	7053
1939	6788	1.3293223	7054
6987	6289	1.3298035	7055
2958	4201	1.330313	7056
6337	5628	1.3304471	7057
3119	6444	1.3314731	7058
6323	6962	1.3320832	7059
3846	3748	1.3325138	7060
6808	6522	1.3328693	7061
6944	6553	1.3329661	7062
6901	6175	1.333907	7063
3171	6783	1.3341788	7064
6716	3671	1.3348749	7065
6613	1916	1.335285	7066
5579	6320	1.3354182	7067
6446	6675	1.3355023	7068
6798	6371	1.3365949	7069
6846	6924	1.3367065	7070
6252	6212	1.3374228	7071
6893	6142	1.3384478	7072
6984	5725	1.3392808	7073
832	2160	1.3394383	7074
3886	5732	1.3412156	7075
6909	6739	1.3433619	7076
6805	6849	1.3434638	7077
4524	6740	1.3440096	7078
6796	4214	1.3448423	7079
6542	7003	1.3455786	7080
5110	6600	1.3457025	7081
6785	6730	1.3459904	7082
6083	3455	1.3465207	7083
1927	1366	1.3468869	7084
6314	6699	1.3472233	7085
6558	3159	1.348105	7086
2788	6028	1.3481982	7087
6676	1134	1.3490076	7088
6958	6595	1.3496473	7089
6106	6972	1.3507198	7090
6976	6914	1.3514332	7091
6617	3093	1.3520803	7092
6580	2214	1.3525703	7093
6768	6871	1.3526781	7094
6574	6979	1.3529636	7095
6125	6660	1.353664	7096
6452	6263	1.354289	7097
7074	1008	1.3554238	7098
1017	6524	1.355598	7099
6876	6201	1.355894	7100
6982	6344	1.3561825	7101
6778	2077	1.3563999	7102
3691	6447	1.356478	7103
7018	5473	1.3588256	7104
5662	7042	1.3588728	7105
7027	5721	1.3592494	7106
2231	5412	1.3593299	7107
6841	6601	1.3594637	7108
6860	6879	1.3618389	7109
6806	5453	1.3622953	7110
6891	2451	1.3628793	7111
5963	5807	1.3641578	7112
6953	5288	1.3641897	7113
2613	5213	1.364717	7114
6910	6789	1.3651898	7115
3840	2671	1.3662013	7116
6827	5895	1.3674341	7117
2398	6705	1.3685935	7118
2619	6826	1.370183	7119
6202	6885	1.3705305	7120
6666	5265	1.3713199	7121
2002	6862	1.3714176	7122
6361	6594	1.3719796	7123
6865	7025	1.3725245	7124
6042	6931	1.3726553	7125
6124	6633	1.3728652	7126
6308	4317	1.3730268	7127
7002	3359	1.3731083	7128
2500	3704	1.3732406	7129
1447	24	1.3734457	7130
6779	5984	1.373994	7131
3299	6219	1.37404	7132
3811	2276	1.3744863	7133
3868	6635	1.374534	7134
6478	2561	1.3749645	7135
6652	3656	1.3750467	7136
7005	6869	1.3764768	7137
7037	2770	1.3768737	7138
6257	6872	1.3785799	7139
6479	6911	1.3787742	7140
3426	6596	1.3792515	7141
7035	6609	1.3806815	7142
6762	6661	1.3806945	7143
2376	6691	1.3807998	7144
2751	7072	1.3809633	7145
3351	3326	1.3820604	7146
6790	6867	1.3829083	7147
7052	6875	1.3835311	7148
6336	6878	1.3843004	7149
6747	194	1.384596	7150
6899	6389	1.3848855	7151
2382	2890	1.3875095	7152
4572	4053	1.3878365	7153
6720	5948	1.3879399	7154
6689	6369	1.388086	7155
6966	1645	1.3881003	7156
6711	6626	1.3885858	7157
6964	6937	1.3887206	7158
3942	3915	1.3895186	7159
6942	6887	1.3899577	7160
2744	6010	1.3907001	7161
3541	7118	1.3909179	7162
6528	7010	1.3915069	7163
3250	6538	1.393454	7164
6467	7043	1.3951262	7165
6045	6870	1.3960955	7166
6726	7026	1.3977289	7167
6971	6583	1.3996742	7168
6981	6825	1.4021634	7169
7015	6787	1.402717	7170
6029	6485	1.4041696	7171
1674	6895	1.4042361	7172
6697	6930	1.4054343	7173
6755	6293	1.4063123	7174
6969	1513	1.4063787	7175
1398	6480	1.4086819	7176
6401	6957	1.4088246	7177
6733	6454	1.4091437	7178
6295	6378	1.4094496	7179
6470	6951	1.4095176	7180
6767	6693	1.4105506	7181
3786	2535	1.4105743	7182
7028	660	1.4106798	7183
6983	3006	1.4107194	7184
6975	6965	1.411001	7185
3637	7031	1.4113759	7186
6917	3110	1.4113784	7187
1140	558	1.4120208	7188
6824	6946	1.412443	7189
6687	6585	1.4143372	7190
6959	3517	1.4157779	7191
6912	6954	1.4157845	7192
1784	6794	1.4163026	7193
2281	6015	1.4168599	7194
6830	6049	1.4176853	7195
6802	6997	1.4213763	7196
7067	6466	1.4228537	7197
3163	7064	1.4230505	7198
6593	7113	1.4235765	7199
6673	7122	1.4240167	7200
6634	6784	1.4243839	7201
3308	4233	1.4244336	7202
6082	6886	1.4248127	7203
1525	2867	1.4261463	7204
7085	7021	1.4262764	7205
7189	6685	1.4264964	7206
3524	6890	1.4265949	7207
3329	6656	1.4268225	7208
6735	6758	1.4276077	7209
7069	1262	1.4278026	7210
7055	7034	1.4278294	7211
6584	6646	1.4280466	7212
3448	2124	1.4298568	7213
6977	6425	1.4307727	7214
4928	6810	1.4309126	7215
1860	940	1.4320613	7216
6582	6501	1.4320925	7217
6986	6598	1.4347618	7218
6761	6578	1.4348032	7219
5961	7143	1.4348586	7220
6766	6873	1.4353479	7221
6991	6927	1.438283	7222
6882	6791	1.4393582	7223
6838	7012	1.4405563	7224
6695	3337	1.4409341	7225
7020	6989	1.4411447	7226
7173	7033	1.4411573	7227
1083	7053	1.4420003	7228
6560	6540	1.4422756	7229
5841	6618	1.4425397	7230
2734	7008	1.4426817	7231
6756	6848	1.4427872	7232
6770	6993	1.44351	7233
6894	6864	1.4441534	7234
6921	6945	1.4455078	7235
7095	6612	1.4473394	7236
7014	6571	1.4492426	7237
6792	2432	1.4503495	7238
6815	6509	1.4503595	7239
7029	3928	1.4510176	7240
7150	391	1.4510852	7241
6714	7039	1.4525222	7242
6707	1587	1.4538852	7243
3379	6775	1.455117	7244
2987	1883	1.4552349	7245
1851	6549	1.4570448	7246
6647	6857	1.4571722	7247
5563	6710	1.4576213	7248
3714	2902	1.4587843	7249
4626	7070	1.4591466	7250
5812	6831	1.4594557	7251
6463	3598	1.4611559	7252
3532	6751	1.4620029	7253
2818	5908	1.462318	7254
5188	3493	1.4633946	7255
7126	6136	1.4635407	7256
3818	7184	1.4639536	7257
2648	2193	1.4641837	7258
6093	6904	1.4652939	7259
7196	6974	1.4654771	7260
6744	6449	1.4657669	7261
1582	1438	1.4662757	7262
6199	7004	1.4666332	7263
3814	6928	1.4681711	7264
6939	6616	1.4695721	7265
6187	6900	1.4697549	7266
7101	7057	1.4706017	7267
3935	3934	1.470897	7268
6043	2955	1.471176	7269
7199	6782	1.4714131	7270
6261	1695	1.4731174	7271
7077	6623	1.4733841	7272
7179	6754	1.4749308	7273
664	6803	1.4766613	7274
6970	6853	1.4767172	7275
6715	6781	1.4768479	7276
7165	6916	1.4771024	7277
7038	7212	1.479218	7278
6009	6674	1.4801252	7279
6671	6385	1.4808335	7280
2469	7139	1.4821547	7281
6632	1253	1.4831002	7282
6926	1389	1.4844823	7283
7164	7138	1.4858766	7284
6722	6486	1.4868113	7285
6301	6750	1.4877357	7286
6759	7089	1.4879335	7287
3813	6514	1.4886888	7288
5074	7221	1.488857	7289
6658	6642	1.4890492	7290
6651	6797	1.4893135	7291
7040	7062	1.4896777	7292
1576	1855	1.4898059	7293
7099	6920	1.4905652	7294
7119	6998	1.4921676	7295
5289	2183	1.4927447	7296
7051	735	1.4933076	7297
7147	6868	1.494553	7298
1945	6992	1.49581	7299
7102	2964	1.4971032	7300
3331	3428	1.4971238	7301
6922	6934	1.4977883	7302
3864	3745	1.4983678	7303
7133	3644	1.4993721	7304
6678	7121	1.5004345	7305
6773	6625	1.5011758	7306
6602	7172	1.5012766	7307
6563	7131	1.5015218	7308
6956	7218	1.5016098	7309
7225	6294	1.5020941	7310
2726	6259	1.5029335	7311
5971	6866	1.5035237	7312
6696	7048	1.50396	7313
6165	7209	1.5045118	7314
7220	7195	1.5054585	7315
6795	6383	1.5070858	7316
6665	6282	1.5080906	7317
1626	6929	1.5081193	7318
7083	6621	1.5111849	7319
7044	7248	1.5135694	7320
7125	6861	1.5139394	7321
7007	1412	1.5145751	7322
6995	7163	1.5151873	7323
7022	7234	1.5158554	7324
7080	7127	1.5161775	7325
6845	6672	1.5166469	7326
1885	7123	1.5176469	7327
6679	7090	1.5187023	7328
7162	6892	1.5213453	7329
6287	2903	1.5213507	7330
7227	7185	1.5236841	7331
7232	6999	1.5238235	7332
6771	7115	1.5241052	7333
6832	2417	1.5264485	7334
7132	7180	1.5269326	7335
3186	6820	1.527125	7336
6948	7148	1.5279728	7337
6442	7135	1.5284352	7338
6394	6856	1.5308583	7339
5683	3352	1.5316081	7340
3884	6099	1.5322074	7341
6836	6290	1.532344	7342
6940	7158	1.5325688	7343
1557	6949	1.5335507	7344
7203	7144	1.5348585	7345
7066	6936	1.5349412	7346
1120	7030	1.5357668	7347
6657	7297	1.5360984	7348
5986	7154	1.5362296	7349
7047	7168	1.5379738	7350
5871	7281	1.539403	7351
3104	5095	1.5396531	7352
7129	7269	1.540808	7353
7050	7081	1.5410892	7354
5786	6915	1.5417802	7355
2703	7058	1.5427535	7356
7346	2428	1.54337	7357
3484	7056	1.5440571	7358
7171	6996	1.5443661	7359
7247	7267	1.5446423	7360
7205	6905	1.5448291	7361
6877	7009	1.5455185	7362
6533	7263	1.5467207	7363
3878	1314	1.547885	7364
5524	7257	1.5483449	7365
3906	2679	1.5484223	7366
6821	7137	1.5508558	7367
3076	6050	1.5508711	7368
6772	7241	1.5511489	7369
2808	6760	1.5546942	7370
3713	6648	1.5551939	7371
7087	5964	1.558164	7372
6742	1756	1.55965	7373
6694	7045	1.5599353	7374
7314	7061	1.5600721	7375
7256	7291	1.5602022	7376
7285	7024	1.5603576	7377
6592	7201	1.5619105	7378
6107	6968	1.562213	7379
1094	7328	1.5622592	7380
6947	7149	1.5626439	7381
7249	2828	1.5663538	7382
7063	3210	1.5683055	7383
6343	6491	1.5684963	7384
6980	7222	1.5718049	7385
1540	7098	1.573638	7386
7117	7100	1.5745851	7387
7175	3233	1.5764011	7388
6535	7295	1.5782592	7389
3369	6551	1.5783898	7390
1359	7228	1.5785687	7391
6884	7108	1.5792248	7392
7343	7250	1.5829407	7393
6903	7096	1.5835034	7394
6807	7290	1.583908	7395
7191	3845	1.5863106	7396
7204	2607	1.5866264	7397
3057	2985	1.589239	7398
5950	7105	1.5894356	7399
6721	3688	1.5895588	7400
7207	7389	1.5896043	7401
3733	7092	1.5900275	7402
6597	7210	1.5903542	7403
3740	7060	1.5917556	7404
7260	6659	1.5930737	7405
5761	2554	1.5931423	7406
7151	7140	1.593359	7407
6547	1465	1.594908	7408
7054	1353	1.5965339	7409
6489	3696	1.5969205	7410
6668	7279	1.5970742	7411
7298	7362	1.5991604	7412
2737	3851	1.5993173	7413
7380	7302	1.5994626	7414
3039	6960	1.5998574	7415
7104	7170	1.601071	7416
7091	6476	1.6019357	7417
6706	7313	1.6019448	7418
6576	7327	1.6027677	7419
7169	6938	1.602803	7420
7082	6918	1.6030239	7421
7349	7120	1.6032681	7422
7383	7335	1.6038301	7423
6943	3752	1.6057489	7424
6973	3867	1.6070812	7425
7231	6908	1.6071888	7426
7013	3414	1.6072092	7427
7193	7276	1.6073626	7428
5161	7282	1.6073711	7429
3211	2881	1.6099002	7430
7332	6415	1.6103926	7431
6333	3901	1.6105547	7432
6880	2812	1.6111102	7433
6985	7181	1.6174493	7434
7197	7065	1.6177342	7435
7312	7294	1.6185133	7436
7006	6811	1.6236908	7437
7167	7275	1.6239247	7438
2797	7156	1.625233	7439
7206	7318	1.6256497	7440
7369	7178	1.6266547	7441
7399	7321	1.6272825	7442
7273	7093	1.6272898	7443
5940	6843	1.6289994	7444
7340	7253	1.6297395	7445
6568	3952	1.6317866	7446
7157	7284	1.6319157	7447
7357	7229	1.6341846	7448
7166	6765	1.6348727	7449
7112	7124	1.6369578	7450
3779	7187	1.6382121	7451
3723	2544	1.6437174	7452
7236	6988	1.6457331	7453
7292	7331	1.6482741	7454
7134	4514	1.6484334	7455
6645	6837	1.651043	7456
7182	5974	1.6519916	7457
7351	7347	1.6528754	7458
6842	7278	1.6531684	7459
6682	6967	1.6532297	7460
7177	7265	1.6538	7461
7315	7434	1.6546836	7462
7309	6978	1.6571672	7463
7261	7106	1.6573564	7464
7274	7376	1.6585618	7465
3918	3930	1.658806	7466
3473	1974	1.6598835	7467
6741	7323	1.6605229	7468
7049	6889	1.660934	7469
7078	6852	1.662064	7470
7079	6544	1.6622274	7471
7160	7277	1.6661994	7472
7401	7192	1.6668748	7473
6913	7217	1.6670029	7474
2489	2088	1.667564	7475
1082	1074	1.6680592	7476
7128	2434	1.6687044	7477
6641	7333	1.6702123	7478
6702	6898	1.6705278	7479
7446	7145	1.6715721	7480
7188	7183	1.6748099	7481
7224	1622	1.6754326	7482
7397	6700	1.6773686	7483
2693	6990	1.678128	7484
6888	7111	1.6785274	7485
7354	7370	1.6804748	7486
2634	7407	1.6837155	7487
7283	3658	1.6839173	7488
7194	7219	1.6849306	7489
7319	3796	1.6879811	7490
7161	7251	1.6903578	7491
5313	7329	1.691896	7492
3892	3511	1.6942736	7493
6844	7325	1.6945676	7494
7076	7367	1.6957865	7495
1492	7356	1.6960313	7496
7270	3833	1.6992143	7497
7097	6743	1.6996009	7498
7459	7103	1.7000084	7499
7326	7337	1.700097	7500
6123	7348	1.7010348	7501
4658	7288	1.7021825	7502
7365	7421	1.7030139	7503
7299	7223	1.7035193	7504
7287	7422	1.7073561	7505
7301	7447	1.7110114	7506
7254	7416	1.7136403	7507
6925	7242	1.7139585	7508
7268	3940	1.7150681	7509
7311	6932	1.7159683	7510
3757	6757	1.7163558	7511
7245	7243	1.716773	7512
6737	7238	1.7167741	7513
3902	7075	1.7175834	7514
7360	6606	1.719034	7515
7073	7497	1.7207869	7516
7393	7373	1.7208217	7517
6153	7226	1.7226546	7518
7094	1132	1.7257236	7519
7289	7300	1.7272216	7520
7136	6605	1.7293994	7521
7460	6950	1.7300997	7522
6197	5710	1.731966	7523
7496	7324	1.7329881	7524
7114	6091	1.7351953	7525
7305	7211	1.7352401	7526
7453	7342	1.735467	7527
7341	3869	1.737835	7528
7381	3092	1.7382107	7529
7363	7415	1.740704	7530
1305	7344	1.7407928	7531
2556	576	1.7412744	7532
7308	7507	1.7418991	7533
5939	7296	1.742102	7534
7499	7461	1.742182	7535
7414	7419	1.7438881	7536
7428	7186	1.748504	7537
5943	6364	1.7497461	7538
7375	7071	1.7520232	7539
7244	7023	1.7530261	7540
7379	7465	1.7537187	7541
6059	6243	1.7541704	7542
7368	7130	1.7545658	7543
7518	7017	1.7548672	7544
7391	5946	1.7578373	7545
7142	7272	1.7610711	7546
7159	3929	1.7617688	7547
7464	5588	1.7623823	7548
7534	7484	1.7643179	7549
6680	7233	1.7664349	7550
6300	7448	1.76722	7551
7442	1808	1.7681465	7552
6817	7068	1.7684886	7553
7403	7420	1.7725536	7554
7471	7412	1.7735475	7555
7506	7306	1.7747321	7556
7400	7487	1.7845621	7557
6500	7481	1.7849605	7558
7530	7450	1.786627	7559
7480	7418	1.7868019	7560
6941	7011	1.7888228	7561
2893	4992	1.7900517	7562
7431	7392	1.7924367	7563
7486	7454	1.7928889	7564
7350	3276	1.7934272	7565
7430	3047	1.7941527	7566
7440	6883	1.7953491	7567
7378	3278	1.7967936	7568
2819	7498	1.798029	7569
7408	7266	1.7985538	7570
7493	6799	1.7988654	7571
7515	6769	1.8004999	7572
7537	7152	1.801177	7573
7548	7361	1.8026809	7574
7088	6961	1.8032407	7575
7374	7271	1.8045084	7576
7176	7552	1.8086447	7577
7478	7529	1.8097011	7578
7533	7500	1.8099469	7579
7555	7539	1.8099715	7580
6729	1580	1.8125156	7581
7366	6874	1.813795	7582
7041	7505	1.8158009	7583
7517	7417	1.8175081	7584
7404	7303	1.8178949	7585
7345	7495	1.8191527	7586
7293	7524	1.8201203	7587
7567	3317	1.8210326	7588
7110	7458	1.8216397	7589
7433	7000	1.8260198	7590
7386	7472	1.8276508	7591
4036	7353	1.8292278	7592
3921	7286	1.8294784	7593
6413	7016	1.8295643	7594
5640	7426	1.8307395	7595
3758	7423	1.8320414	7596
7235	7519	1.8349111	7597
7411	7141	1.8412993	7598
7424	7001	1.8424499	7599
3219	920	1.8456204	7600
7501	7573	1.8475305	7601
5779	7553	1.8485391	7602
2854	7474	1.8510176	7603
7470	2067	1.851286	7604
2412	3776	1.8514704	7605
7513	7557	1.8519014	7606
3441	7372	1.8526227	7607
7255	6567	1.8529694	7608
7214	3911	1.8571174	7609
7511	7174	1.861887	7610
7545	7364	1.8620737	7611
2514	7591	1.8668933	7612
6150	7239	1.8720101	7613
7468	7438	1.8722911	7614
7394	7479	1.8732846	7615
7086	3876	1.8734124	7616
7512	7307	1.8760529	7617
3673	7437	1.8765788	7618
6340	7320	1.8771989	7619
7359	7317	1.8780879	7620
7504	7526	1.8795838	7621
7377	7449	1.8820192	7622
7237	924	1.8839209	7623
7581	7262	1.8895018	7624
7612	7200	1.8904505	7625
7456	7429	1.8930066	7626
7310	7462	1.8931439	7627
7338	2589	1.8933837	7628
7198	7494	1.8998848	7629
7527	7544	1.8999754	7630
6822	7463	1.9061587	7631
7575	7549	1.9067817	7632
7596	7542	1.91178	7633
7580	7586	1.9134061	7634
7059	7410	1.9165318	7635
3293	7334	1.9175789	7636
7444	7584	1.9214313	7637
6952	7568	1.9229295	7638
7252	6863	1.9234133	7639
7503	7550	1.9264488	7640
7597	7577	1.9285023	7641
4522	5170	1.930984	7642
7570	7627	1.9327564	7643
7409	7592	1.9334488	7644
7560	7629	1.9339268	7645
3593	3214	1.9377195	7646
3722	7387	1.9404123	7647
7508	7619	1.9433264	7648
7528	7490	1.9446392	7649
7215	7520	1.9468671	7650
7621	3488	1.9509908	7651
7554	7525	1.9516531	7652
7155	7488	1.9540169	7653
7455	7502	1.9566914	7654
7532	7384	1.9597852	7655
7546	7588	1.9658152	7656
7216	1480	1.9672277	7657
6607	1204	1.9719483	7658
7564	7492	1.973822	7659
7583	7651	1.978036	7660
3657	7477	1.9784582	7661
7116	7485	1.9794637	7662
7107	7602	1.9814895	7663
3917	7304	1.9823939	7664
1433	1203	1.9860226	7665
3894	7390	1.9880675	7666
7202	7604	1.9885304	7667
7626	7482	1.9908737	7668
7574	7647	1.9922552	7669
7541	7436	1.9946826	7670
7576	7405	1.9960123	7671
7605	7643	1.9972615	7672
7593	7514	1.9999183	7673
7395	7582	2.000145	7674
7246	7441	2.0033207	7675
3765	3332	2.005363	7676
5949	2079	2.011898	7677
7672	7659	2.0123413	7678
7648	7473	2.0127368	7679
4552	7208	2.015528	7680
6829	7598	2.0156357	7681
6191	7660	2.0173788	7682
3812	7633	2.0188732	7683
7406	7435	2.0235069	7684
7489	7639	2.02738	7685
7563	7469	2.0349889	7686
7682	7516	2.0368702	7687
7443	7652	2.0432804	7688
3106	7615	2.0438104	7689
7445	7606	2.048021	7690
7551	1567	2.0564399	7691
6684	7565	2.0564785	7692
7556	7579	2.058428	7693
7109	7637	2.0591226	7694
3425	7636	2.0591898	7695
7562	7352	2.0627112	7696
7536	7322	2.0645695	7697
7674	7535	2.0719118	7698
7587	7689	2.0723333	7699
7452	7559	2.0750265	7700
7046	3874	2.076235	7701
7646	7662	2.0777638	7702
7355	6354	2.0825992	7703
3067	7540	2.0863686	7704
7691	7451	2.0867398	7705
7685	7649	2.0879905	7706
7388	2527	2.093038	7707
7476	7624	2.0967417	7708
3907	7457	2.0967884	7709
7650	7688	2.0976808	7710
7644	7339	2.099348	7711
7611	7697	2.108711	7712
7668	7589	2.1099691	7713
7669	7617	2.1102834	7714
7398	7609	2.1140954	7715
7572	7653	2.1152034	7716
7622	7385	2.125741	7717
7613	7656	2.1291552	7718
7690	7264	2.1303704	7719
7620	7683	2.1326563	7720
7681	7614	2.138617	7721
3766	7608	2.150951	7722
7258	7607	2.1544747	7723
7694	7531	2.1545572	7724
7603	7631	2.155822	7725
7705	2927	2.1569936	7726
7413	7661	2.1595683	7727
7425	7601	2.1636333	7728
3871	2736	2.1642013	7729
7396	7566	2.1659944	7730
7509	7019	2.171428	7731
7280	7641	2.1879294	7732
7491	7600	2.187983	7733
7671	3623	2.1888902	7734
7638	7700	2.1963792	7735
7402	7693	2.196415	7736
7640	3727	2.1997857	7737
7382	7153	2.2015333	7738
7483	7725	2.2047403	7739
7666	7595	2.2079074	7740
5875	3931	2.2114878	7741
7708	7623	2.2129848	7742
7538	7213	2.215386	7743
7675	7670	2.2192724	7744
7439	6221	2.2232914	7745
7696	7569	2.2238398	7746
7709	7737	2.230315	7747
7634	7715	2.2488585	7748
7657	7718	2.2597651	7749
7692	7716	2.2630184	7750
7658	7475	2.277646	7751
7571	7466	2.2850223	7752
7711	7635	2.2860806	7753
7558	529	2.2862802	7754
3475	2359	2.2883224	7755
7630	7749	2.2938192	7756
7578	7747	2.2956145	7757
2968	7726	2.2998338	7758
7745	7667	2.3070457	7759
7654	7259	2.3163996	7760
7724	7084	2.327186	7761
7625	7732	2.3382208	7762
7523	7695	2.3397212	7763
1585	7744	2.3404822	7764
7590	2037	2.3415554	7765
7734	7717	2.348913	7766
7735	7728	2.3536549	7767
7748	7707	2.3576639	7768
7686	2501	2.3622277	7769
7358	7736	2.3631864	7770
7190	7673	2.3649025	7771
7713	7655	2.3677838	7772
7740	7698	2.369592	7773
7467	7663	2.3719387	7774
7427	7522	2.3811822	7775
7771	7616	2.381455	7776
7719	7758	2.385114	7777
7723	7770	2.3926227	7778
7330	7778	2.3968828	7779
7594	7721	2.3991873	7780
7628	7772	2.3997886	7781
7703	7699	2.401071	7782
7760	7599	2.4052992	7783
7679	7720	2.417071	7784
3863	7687	2.4327147	7785
7618	7645	2.4404685	7786
7754	7032	2.4408383	7787
7779	7706	2.445977	7788
7769	7762	2.4574518	7789
7036	7676	2.4644458	7790
7761	7733	2.4720113	7791
7739	1533	2.4791706	7792
7316	7750	2.497181	7793
2756	7774	2.4999871	7794
7642	7785	2.5017533	7795
7766	7678	2.5034096	7796
7702	7714	2.5080528	7797
7764	975	2.5134687	7798
7773	7561	2.5352707	7799
7782	7704	2.5524802	7800
3853	7664	2.5715075	7801
7767	7777	2.5795197	7802
7730	7753	2.5805633	7803
7795	7775	2.5832508	7804
7799	6072	2.599469	7805
7794	3877	2.618734	7806
7684	7585	2.62863	7807
3132	7792	2.6340857	7808
7784	7146	2.6607661	7809
7805	7521	2.666079	7810
7781	7793	2.6706467	7811
3866	7722	2.6800036	7812
7712	7806	2.6933541	7813
7727	2347	2.6935458	7814
7746	7788	2.6950471	7815
7786	7710	2.7202134	7816
7751	7742	2.7306268	7817
7810	7759	2.739013	7818
7768	7796	2.742642	7819
3755	7729	2.750814	7820
7797	7680	2.755654	7821
7813	7780	2.7780674	7822
7808	7756	2.7932842	7823
7822	7632	2.8040519	7824
7432	7776	2.8208106	7825
7809	7743	2.8231497	7826
7821	7815	2.8439267	7827
3807	7610	2.84672	7828
7371	1853	2.8492832	7829
3862	3808	2.8890004	7830
7798	7823	2.9281337	7831
7757	3222	2.9638565	7832
7814	3939	2.9682677	7833
7818	7752	2.9728508	7834
7789	7817	2.9821672	7835
6172	7763	2.9855077	7836
3146	7816	2.992114	7837
7831	7336	3.0171168	7838
3703	3893	3.0328376	7839
7230	3925	3.0352712	7840
7807	7819	3.0498729	7841
7765	7665	3.077819	7842
7803	7837	3.0825639	7843
7827	7802	3.1019688	7844
7804	7811	3.1414473	7845
7820	7738	3.1936724	7846
7834	7824	3.2199109	7847
7825	7783	3.225852	7848
7543	7835	3.2489846	7849
7547	7741	3.3009214	7850
7841	7791	3.317307	7851
7838	7677	3.342126	7852
7828	7800	3.3558693	7853
7701	7845	3.4331822	7854
7790	7843	3.456186	7855
7829	7842	3.493191	7856
7801	3743	3.5564728	7857
7826	7812	3.5692773	7858
7833	7851	3.6131055	7859
7855	7844	3.6511712	7860
7849	7852	3.6729434	7861
7731	7840	3.6866703	7862
7787	7853	3.7468748	7863
7856	7510	3.9389925	7864
7846	7860	3.9419987	7865
7839	3941	3.9422827	7866
7240	7848	3.9463775	7867
7755	7854	4.0954275	7868
7865	2997	4.110542	7869
7868	2696	4.156856	7870
7847	7836	4.167304	7871
7858	7859	4.3210955	7872
7870	7863	4.3563952	7873
7871	7861	4.612147	7874
7872	7832	4.868135	7875
7864	7857	4.9764757	7876
7873	7869	5.0233374	7877
7877	7874	5.8947954	7878
7850	7878	6.6247144	7879
7876	7830	6.989084	7880
7880	7879	7.246716	7881
7862	7875	8.162436	7882
7867	7881	8.319831	7883
7882	7883	8.999579	7884
7884	7866	11.080025	7885
