10519 total tunnels
-1 by assign
10519 by murtagh
c 128 2.2186386735900854
26377 
c 19692 1.545149075056422
6051 6086 8512 20382 20465 26198 
c 20989 1.66075116459083
24176 24328 24538 25495 25653 26113 27658 27793 27879 27912 28067 28150 28240 28448 28508 28555 28598 28699 29267 31545 
c 20999 1.5631896399040666
25027 25187 25213 25254 25372 25457 25566 25872 26045 26659 26836 26908 27352 27809 28279 28863 29010 29085 29420 29550 30173 30271 30307 30337 31404 31447 31491 31817 
c 21003 1.6990675326222149
6852 15357 16097 18906 21639 24746 25745 26499 26576 31388 
c 21014 1.5734144161616588
6896 12188 12765 15067 15772 16204 
c 21015 2.0681126661656584
6162 6233 6312 6916 7593 7770 7961 8369 8676 8913 8934 9150 9518 9744 10258 10320 10374 10849 10972 11048 11075 11194 11301 11352 11550 11676 11771 11800 11976 12076 12184 12230 12336 12504 12633 12734 13323 13494 13574 13618 13674 13768 13873 14370 14396 14532 14575 14716 14762 14779 14857 14946 14962 15090 15159 15180 15248 15351 15415 15543 15590 15745 15811 15836 15914 15957 16047 16141 16194 16365 16399 16495 16596 16668 16786 16882 16927 17153 17363 17608 17774 17856 17936 18082 18245 18606 18769 18801 18850 19100 19300 19424 19474 19505 19551 19750 19833 19920 20515 21006 21894 22175 23823 23861 23985 24747 24776 24892 25010 25096 25232 25388 25419 25436 25578 25868 25895 26021 26376 26385 26505 26579 26624 26734 26752 26764 27009 27093 27364 27377 27650 27697 27747 28402 28492 28925 29151 29181 29568 29755 29894 29992 30004 30098 30147 30266 30274 30290 30350 30542 30629 30809 30890 31129 31173 31198 31370 31876 
c 21018 1.590315844254172
6391 9325 11544 11847 12002 12241 13294 13474 15708 15769 15839 16074 16764 17782 18160 18785 19780 23149 23193 26374 29063 
c 21019 1.7235847944712224
13451 13646 13713 14044 14094 14176 14240 14329 14439 14482 14989 15805 22439 22533 22639 22678 22959 
c 21021 2.433233984789067
5 31 65 114 141 215 226 312 354 479 501 557 615 635 719 722 799 840 919 957 1023 1081 1094 1148 1172 1219 1260 1324 1388 1396 1444 1486 1522 1544 1586 1605 1651 1672 1700 1733 1769 1790 1842 1861 1921 1973 2033 2054 2114 2157 2218 2241 2400 2461 2477 2530 2562 2637 2730 2789 2828 2851 2926 2982 3043 3057 3105 3159 3219 3289 3333 3419 3425 3475 3560 3598 3624 3664 3697 3756 3807 3847 3922 3930 3981 4053 4082 4136 4221 4245 4276 4320 4363 4403 4453 4491 4502 4546 4619 4629 4657 4683 4696 4760 4788 4831 4836 4853 4865 4878 4894 4911 4925 4954 4991 5013 5026 5049 5060 5082 5101 5123 5161 5183 5215 5243 5267 5269 5294 5325 5351 5374 5410 5417 5443 5451 5489 5498 5524 5530 5553 5575 5604 5641 5664 5692 5723 5739 5760 5801 5844 5854 5867 5877 5905 5914 5928 5947 5972 5975 5983 6047 6102 6112 6170 6230 6261 6295 6317 6339 6371 6377 6418 6444 6476 6481 6520 6545 6581 6598 6628 6651 6683 6711 6728 6741 6758 6773 6815 6837 6884 6944 6961 6973 7014 7021 7048 7059 7085 7139 7158 7188 7248 7268 7286 7314 7368 7417 7440 7460 7486 7539 7558 7586 7629 7639 7649 7681 7687 7739 7787 7802 7833 7860 7888 7906 7951 8032 8046 8085 8097 8131 8153 8173 8179 8228 8252 8295 8347 8379 8408 8455 8465 8506 8535 8573 8640 8693 8716 8764 8783 8799 8864 8891 8928 9004 9048 9084 9093 9115 9179 9240 9248 9287 9305 9329 9344 9355 9386 9406 9421 9468 9478 9495 9523 9536 9564 9585 9615 9677 9685 9699 9727 9750 9770 9788 9801 9813 9862 9881 9912 9943 9954 9983 10005 10123 10183 10209 10229 10273 10300 10338 10393 10427 10449 10515 10533 10567 10621 10658 10730 10792 10813 10856 10904 10911 10965 11025 11108 11186 11199 11241 11264 11361 11378 11399 11433 11456 11492 11625 11642 11684 11721 11808 11857 11887 11905 11998 12054 12118 12200 12288 12303 12381 12463 12589 12691 12746 12813 12865 12905 12929 13004 13046 13128 13155 13252 13347 13398 13467 13540 13608 13717 13778 13835 13894 13910 14013 14077 14105 14150 14196 14253 14304 14415 14487 14541 14562 14637 14687 14707 14735 14781 14842 14896 14933 15003 15039 15093 15126 15207 15258 15272 15359 15398 15420 15560 15603 15657 15744 15807 15870 15886 15942 15948 16003 16038 16088 16115 16243 16364 16417 16422 16443 16479 16514 16537 16585 16616 16680 16714 16783 16821 16864 16948 16958 17012 17065 17106 17113 17173 17197 17304 17306 17369 17434 17463 17509 17563 17640 17671 17723 17744 17836 17846 17909 17976 17988 18020 18075 18094 18124 18156 18200 18249 18297 18343 18376 18410 18468 18491 18528 18566 18580 18584 18624 18650 18686 18735 18806 18886 18928 19036 19071 19103 19173 19201 19227 19251 19312 19314 19364 19383 19397 19445 19462 19490 19511 19564 19617 19643 19696 19717 19775 19828 19902 19926 19936 19947 19963 19974 19985 19994 20014 20031 20070 20112 20151 20180 20194 20211 20227 20239 20282 20307 20333 20363 20384 20461 20468 20488 20530 20569 20600 20617 20662 20694 20746 20792 20883 20894 20942 20955 20985 21012 21048 21068 21082 21164 21166 21237 21294 21315 21333 21373 21399 21440 21455 21465 21506 21534 21547 21567 21592 21611 21645 21674 21712 21719 21737 21767 21777 21786 21801 21825 21846 21896 21929 21947 21959 21964 21995 22013 22028 22049 22087 22101 22146 22184 22194 22215 22253 22308 22326 22333 22358 22397 22409 22448 22475 22506 22529 22588 22624 22701 22729 22745 22760 22769 22779 22801 22855 22867 22892 22909 22916 22929 22971 22988 23043 23068 23100 23106 23176 23229 23257 23261 23297 23344 23389 23429 23465 23517 23541 23600 23632 23659 23677 23705 23777 23890 23983 24037 24061 24075 24107 24132 24170 24252 24341 24364 24394 24471 24552 24587 24603 24636 24677 24690 24704 24734 24738 24768 24782 24788 24793 24822 24847 24875 24901 24907 24914 24947 24962 25004 25005 25022 25030 25063 25083 25090 25107 25134 25165 25194 25207 25234 25280 25325 25336 25351 25376 25397 25429 25431 25444 25514 25548 25576 25586 25617 25684 25722 25726 25755 25804 25811 25814 25844 25859 25881 25885 25892 25897 25912 25947 25957 25989 26013 26060 26080 26140 26158 26187 26224 26225 26237 26251 26264 26296 26305 26327 26363 26378 26381 26388 26392 26447 26470 26490 26501 26509 26514 26535 26568 26577 26589 26605 26637 26660 26681 26688 26725 26754 26770 26784 26804 26817 26834 26860 26875 26891 26922 26931 26958 26968 26974 27006 27016 27032 27035 27047 27056 27079 27095 27109 27151 27192 27215 27261 27275 27280 27331 27356 27372 27403 27435 27439 27484 27501 27519 27522 27530 27539 27550 27567 27611 27635 27679 27773 27860 27889 27973 28017 28075 28142 28216 28277 28321 28348 28412 28432 28500 28519 28608 28644 28672 28740 28751 28784 28797 28834 28855 28888 28944 28962 28997 29028 29068 29123 29145 29157 29189 29209 29220 29246 29269 29353 29364 29405 29431 29463 29511 29520 29538 29564 29597 29605 29611 29655 29672 29692 29701 29731 29759 29773 29811 29822 29861 29872 29895 29912 29915 29970 29974 29995 30000 30058 30101 30118 30125 30139 30146 30155 30179 30210 30255 30277 30321 30379 30391 30456 30485 30512 30525 30533 30559 30591 30598 30619 30639 30674 30695 30743 30758 30775 30819 30848 30861 30863 30879 30895 30902 30913 30924 30931 30943 30951 30963 30976 30977 30996 31001 31019 31031 31052 31063 31071 31081 31093 31112 31132 31151 31160 31171 31181 31183 31201 31207 31224 31236 31260 31269 31279 31291 31295 31307 31318 31336 31358 31361 31377 31387 31412 31436 31464 31475 31493 31540 31562 31617 31631 31659 31685 31723 31739 31770 31804 31856 31873 31920 31924 
c 21024 1.8790576914658925
57 96 327 386 439 691 780 827 1015 1054 1214 1311 1406 1910 1955 2016 2110 2139 2325 2346 2391 2500 2680 2704 2714 2771 2842 2896 2927 3150 3193 3222 3312 3394 3455 3506 3545 3600 3683 3710 3822 3917 3939 4045 4083 4116 4186 4240 4278 4310 4374 4443 4582 4664 4735 4935 4995 5157 5203 5287 5316 5350 5385 5485 5607 5644 5774 5944 5999 6049 6075 6163 6223 6419 6455 6563 6612 6659 6719 6785 6963 7000 7140 7198 7260 7362 7423 7445 7514 7527 7560 7626 7729 7767 7801 7825 7959 8048 8089 8110 8211 8289 8304 8422 8486 8548 8617 8643 8698 8701 8755 8841 8890 9010 9077 9126 9169 9224 9256 9396 9431 9448 9545 9571 9596 9625 9831 9866 9937 9962 9994 10016 10088 10188 10316 10441 10472 10555 10591 10666 10686 10777 10844 10871 10932 10991 11109 11173 11222 11339 11370 11395 11579 11677 11745 11832 11915 11960 12056 12083 12159 12253 12440 12493 12581 12664 12833 12858 12879 12992 13068 13122 13207 13235 13280 13372 13505 13591 13690 13777 13824 13964 13988 14148 14245 14319 14394 14591 14655 14864 14884 15520 15595 15644 15892 15974 16029 16085 16176 16340 16645 16787 16836 16906 16987 17037 17049 17090 17176 17196 17297 17313 17410 17478 17522 17550 17639 17712 17742 17889 17960 18035 18219 18256 18321 18449 18670 18717 18826 18899 18959 18989 19083 19127 19159 19194 19234 19256 19323 19439 19593 19636 19816 20026 20251 20572 20678 20837 20892 21125 21156 21190 21259 21360 21486 21519 21545 22102 22229 22292 22370 22455 22497 22519 22665 22883 23008 23047 23171 23198 23284 23385 23416 23483 23512 23534 23581 23653 23736 23842 23930 23995 24104 24167 24247 24367 24432 24521 24585 24613 24675 24711 24720 24810 24826 24878 24906 24919 24929 24951 24987 25034 25058 25072 25099 25115 25147 25200 25222 25276 25328 25349 25378 25386 25415 25492 25520 25588 25637 25701 25746 25765 25796 25856 25860 25934 25979 26014 26061 26090 26170 26184 26199 26284 26302 26337 26368 26449 26488 26510 26539 26602 26631 26655 26696 26730 26780 26819 26844 26872 26886 26944 26999 27031 27119 27155 27183 27222 27266 27277 27332 27351 27368 27400 27432 27458 27549 27568 27600 27642 27665 27743 27837 27887 27978 28027 28124 28145 28233 28285 28331 28354 28386 28433 28507 28532 28596 28634 28708 28742 28771 28818 28844 28909 28927 28983 29031 29053 29108 29143 29210 29238 29265 29352 29404 29421 29452 29469 29490 29549 29576 29612 29642 29661 29724 29794 29824 29867 29900 29954 30001 30115 30187 30233 30308 30341 30426 30449 30494 30554 30577 30716 30765 30835 30901 30920 30955 30960 31162 31258 31277 31305 31320 31389 31444 31487 31580 31612 31653 31675 31705 31738 31786 31816 31862 31894 
c 21025 2.1384629989572668
27 61 87 131 144 190 232 317 360 410 498 545 566 623 660 680 756 788 874 900 974 1022 1039 1086 1144 1205 1259 1288 1308 1366 1404 1502 1541 1577 1694 1724 1850 1905 1923 1968 2020 2055 2090 2103 2109 2132 2171 2190 2234 2269 2299 2335 2354 2396 2434 2472 2503 2520 2561 2663 2690 2697 2726 2754 2831 2866 2907 2931 2961 2990 3041 3059 3123 3139 3182 3221 3280 3343 3396 3459 3503 3543 3574 3679 3709 3757 3800 3869 3895 3946 3984 4063 4085 4175 4183 4258 4288 4328 4350 4419 4435 4485 4500 4574 4588 4638 4658 4677 4713 4751 4803 4829 4846 4858 4873 4880 4889 4917 4944 4955 4977 5007 5033 5053 5061 5075 5091 5121 5148 5175 5213 5233 5254 5289 5302 5331 5348 5384 5398 5421 5435 5460 5481 5508 5521 5536 5561 5568 5586 5619 5667 5694 5715 5735 5796 5804 5837 5853 5873 5893 5898 5923 5931 5951 5957 5978 5994 6027 6099 6126 6150 6232 6238 6299 6333 6341 6353 6395 6421 6447 6465 6499 6517 6576 6603 6613 6665 6686 6704 6735 6744 6767 6782 6801 6825 6905 6938 6967 6975 6996 7026 7051 7066 7089 7134 7157 7194 7240 7266 7295 7329 7333 7385 7436 7470 7487 7532 7550 7598 7678 7707 7754 7795 7844 7859 7885 7921 7928 8024 8086 8103 8123 8156 8177 8202 8242 8269 8325 8353 8397 8426 8488 8514 8554 8583 8658 8684 8711 8735 8846 8861 8933 9011 9057 9089 9114 9124 9201 9231 9255 9289 9300 9332 9343 9353 9385 9393 9427 9458 9482 9491 9540 9552 9579 9612 9676 9691 9706 9752 9772 9785 9793 9850 9857 9885 9918 9964 9991 10061 10129 10190 10216 10227 10267 10287 10334 10394 10411 10455 10498 10521 10587 10615 10645 10711 10778 10825 10857 10912 10967 11034 11127 11161 11210 11227 11267 11329 11384 11407 11431 11458 11476 11614 11693 11769 11806 11837 11931 11994 12044 12107 12216 12244 12304 12376 12526 12617 12683 12738 12820 12854 12913 12936 12977 13085 13100 13165 13225 13276 13388 13477 13535 13653 13736 13775 13829 13957 14002 14153 14268 14289 14410 14505 14509 14568 14626 14699 14745 14841 14897 14956 15040 15121 15213 15254 15310 15333 15410 15472 15508 15609 15634 15733 15822 15856 15879 15920 15970 15997 16011 16068 16150 16213 16333 16385 16434 16490 16529 16545 16558 16597 16705 16715 16794 16818 16886 16950 16982 16999 17080 17094 17134 17162 17213 17273 17333 17389 17432 17457 17525 17558 17617 17676 17708 17750 17817 17867 17940 17977 17985 18025 18059 18091 18122 18186 18226 18259 18333 18399 18504 18539 18645 18679 18762 18812 18863 18978 18987 19096 19109 19150 19198 19224 19273 19288 19345 19423 19454 19569 19649 19723 19765 19845 19880 20011 20064 20074 20111 20148 20166 20191 20207 20233 20291 20301 20354 20366 20381 20424 20470 20513 20546 20584 20606 20629 20682 20724 20754 20780 20879 20909 20946 20968 20987 21001 21040 21102 21130 21178 21232 21273 21322 21338 21387 21404 21452 21501 21513 21549 21570 21580 21621 21649 21662 21703 21724 21744 21766 21817 21842 21880 21917 21941 21963 21969 22011 22032 22064 22085 22104 22179 22223 22234 22309 22316 22338 22356 22396 22430 22485 22502 22580 22605 22634 22659 22742 22774 22833 22853 22866 22900 22917 22934 23003 23067 23120 23188 23250 23281 23339 23352 23377 23444 23492 23554 23579 23634 23647 23681 23735 23805 23898 23992 24054 24065 24080 24114 24143 24194 24275 24343 24382 24409 24461 24532 24575 24621 24627 24642 24678 24699 24735 24749 24771 24811 24839 24858 24887 24893 24916 24944 24953 24976 25021 25039 25050 25100 25119 25149 25174 25227 25260 25298 25346 25377 25389 25421 25506 25534 25606 25689 25716 25747 25756 25802 25832 25848 25854 25882 25901 25915 25977 26026 26056 26130 26141 26154 26178 26215 26226 26238 26249 26261 26340 26350 26379 26410 26423 26479 26508 26526 26554 26611 26638 26652 26672 26705 26738 26751 26763 26791 26821 26854 26864 26882 26889 26925 26935 26951 27003 27023 27037 27070 27096 27118 27139 27173 27197 27240 27289 27315 27348 27382 27409 27459 27502 27540 27579 27594 27626 27714 27780 27875 27937 28011 28039 28116 28166 28232 28258 28298 28361 28395 28423 28506 28544 28580 28629 28664 28738 28743 28767 28829 28882 28894 28918 28972 29004 29045 29117 29135 29159 29178 29219 29240 29282 29359 29398 29410 29448 29473 29513 29598 29604 29608 29633 29666 29688 29698 29726 29760 29775 29830 29844 29883 29892 29942 29969 30038 30095 30129 30141 30152 30160 30200 30232 30318 30334 30416 30445 30473 30506 30522 30552 30579 30614 30662 30670 30700 30729 30812 30825 30831 30882 30894 30940 30957 30995 31007 31025 31059 31073 31105 31114 31128 31176 31193 31209 31215 31237 31285 31293 31322 31352 31364 31403 31460 31470 31485 31555 31601 31654 31667 31698 31707 31759 31775 31805 31836 31901 
