10280 total tunnels
-1 by assign
10280 by murtagh
c 1379 1.8096416699533364
10089 
c 20449 1.5369091864528068
1906 1948 29668 
c 20487 1.6776745230750425
4541 8702 21368 21682 
c 20535 1.6342863149977078
1056 1085 1167 1222 1274 1613 3369 3465 3511 3581 3717 3874 4088 4127 4333 4415 4549 4741 6479 7353 11548 11689 11834 13483 13925 13950 14051 14187 15109 15496 15566 16916 17517 17559 18128 18914 19139 19243 19390 19600 19851 19922 21755 
c 20544 2.2927696452421915
35 84 129 167 178 253 305 351 382 459 518 553 604 610 642 706 726 802 814 872 917 930 945 1011 1036 1052 1082 1165 1219 1254 1293 1326 1363 1422 1465 1556 1568 1641 1673 1690 1711 1731 1756 1809 1868 1899 1927 1952 1964 1992 2042 2100 2182 2221 2248 2280 2335 2390 2413 2472 2504 2538 2613 2641 2738 2771 2787 2821 2896 2933 2944 2989 3020 3039 3071 3123 3142 3183 3273 3290 3322 3367 3394 3434 3490 3500 3558 3661 3697 3811 3830 3879 3939 3988 4000 4067 4122 4175 4218 4278 4370 4413 4459 4522 4559 4588 4649 4691 4709 4819 4907 4922 4974 5004 5048 5087 5111 5137 5149 5183 5220 5262 5285 5324 5347 5368 5391 5417 5441 5486 5498 5526 5537 5556 5576 5585 5636 5639 5653 5687 5718 5734 5774 5784 5824 5874 5898 5934 5975 5998 6012 6052 6092 6121 6148 6179 6213 6248 6260 6263 6293 6300 6318 6385 6410 6442 6450 6486 6518 6542 6569 6583 6611 6627 6632 6660 6680 6699 6718 6776 6793 6810 6816 6859 6876 6889 6952 6984 7028 7066 7085 7131 7150 7176 7217 7232 7253 7270 7278 7298 7311 7331 7338 7372 7389 7399 7424 7470 7497 7526 7547 7554 7577 7613 7632 7649 7680 7706 7722 7731 7769 7794 7804 7823 7881 7895 7915 7945 7965 7968 7991 8016 8047 8072 8078 8091 8108 8129 8152 8168 8181 8190 8208 8219 8253 8293 8339 8352 8428 8468 8507 8510 8517 8536 8572 8573 8593 8607 8619 8625 8636 8658 8666 8731 8745 8778 8814 8836 8870 8891 8905 8927 8935 8942 8969 8992 9035 9041 9055 9077 9104 9122 9128 9163 9185 9190 9198 9221 9234 9251 9267 9316 9354 9374 9386 9390 9405 9422 9458 9482 9483 9509 9517 9522 9528 9538 9564 9582 9595 9618 9635 9661 9674 9689 9698 9719 9725 9739 9762 9764 9777 9800 9812 9828 9863 9897 9911 9919 9930 9940 9961 9988 10001 10020 10032 10053 10087 10088 10099 10111 10121 10148 10153 10163 10181 10206 10228 10236 10253 10274 10289 10293 10318 10335 10343 10369 10376 10398 10403 10420 10437 10455 10468 10481 10507 10509 10544 10556 10567 10593 10602 10629 10663 10671 10685 10716 10770 10781 10793 10837 10897 10930 10977 11028 11089 11124 11150 11167 11212 11241 11253 11265 11317 11353 11398 11409 11426 11480 11511 11551 11562 11574 11591 11624 11655 11662 11674 11708 11722 11754 11764 11770 11786 11829 11897 11948 11955 11979 12038 12076 12131 12159 12169 12204 12208 12220 12261 12266 12288 12295 12323 12378 12401 12423 12468 12529 12549 12607 12622 12681 12709 12761 12778 12804 12844 12859 12862 12871 12901 12921 12937 12982 13005 13023 13036 13054 13124 13144 13202 13219 13269 13343 13360 13383 13423 13459 13529 13590 13593 13634 13652 13689 13724 13759 13793 13816 13853 13870 13885 13897 13924 13979 14013 14015 14035 14061 14097 14119 14124 14142 14150 14191 14212 14238 14245 14261 14288 14290 14329 14360 14399 14421 14432 14460 14468 14500 14535 14567 14591 14654 14675 14713 14796 14805 14848 14864 14897 14944 14955 14966 15007 15028 15094 15132 15191 15245 15273 15317 15351 15384 15422 15443 15467 15487 15589 15601 15626 15654 15724 15774 15781 15826 15903 15922 15967 15974 15978 16002 16016 16056 16121 16145 16216 16226 16268 16292 16312 16368 16388 16404 16430 16484 16508 16546 16600 16671 16686 16726 16786 16808 16883 16925 16981 17013 17017 17096 17149 17177 17213 17268 17310 17325 17356 17372 17382 17441 17535 17585 17616 17685 17726 17800 17856 17863 17891 17900 17973 17993 18037 18077 18093 18159 18187 18225 18239 18296 18344 18404 18471 18511 18531 18599 18660 18675 18691 18722 18742 18764 18790 18809 18866 18880 18971 19052 19074 19130 19150 19204 19261 19272 19318 19329 19366 19410 19432 19525 19558 19607 19643 19669 19715 19764 19830 19947 19962 19993 20006 20044 20145 20163 20214 20294 20326 20366 20416 20436 20454 20508 20524 20581 20606 20629 20659 20688 20698 20737 20774 20794 20843 20881 20891 20933 20972 20998 21037 21042 21095 21102 21121 21176 21197 21226 21254 21262 21344 21369 21466 21536 21552 21632 21749 21824 21889 21905 21961 21979 22016 22058 22106 22129 22166 22182 22206 22241 22286 22322 22378 22410 22440 22445 22481 22502 22534 22599 22660 22681 22743 22750 22785 22822 22834 22896 22938 22973 23000 23061 23129 23164 23213 23233 23273 23288 23314 23385 23389 23444 23484 23496 23518 23563 23581 23606 23661 23718 23758 23795 23843 23865 23888 23973 24009 24034 24054 24062 24111 24124 24135 24149 24175 24190 24205 24226 24296 24314 24376 24402 24456 24498 24548 24596 24640 24663 24672 24685 24702 24707 24713 24761 24791 24827 24871 24910 24920 24956 24994 25005 25033 25081 25103 25118 25147 25173 25228 25252 25279 25359 25367 25383 25414 25471 25509 25516 25530 25582 25643 25667 25703 25734 25744 25756 25788 25822 25849 25862 25889 25921 25960 26016 26047 26060 26107 26174 26208 26224 26267 26271 26293 26302 26328 26335 26364 26379 26435 26443 26490 26514 26530 26580 26591 26650 26671 26725 26744 26761 26787 26806 26845 26870 26887 26891 26942 26988 27027 27031 27036 27056 27074 27104 27121 27136 27149 27157 27163 27199 27220 27239 27284 27302 27335 27359 27386 27417 27430 27445 27475 27490 27500 27506 27515 27557 27581 27600 27627 27635 27643 27663 27670 27688 27725 27756 27773 27780 27828 27865 27888 27910 27933 27943 27990 28000 28037 28054 28091 28143 28182 28197 28241 28272 28332 28360 28368 28396 28438 28439 28472 28494 28504 28549 28579 28596 28614 28634 28655 28667 28709 28713 28768 28778 28817 28837 28875 28952 28965 29015 29028 29070 29078 29092 29120 29141 29150 29170 29203 29210 29229 29246 29261 29333 29360 29420 29453 29517 29526 29529 29547 29557 29570 29582 29624 29662 29698 29712 29729 29745 29787 29793 29827 29851 29897 29922 29938 29959 29970 30044 30067 30109 30140 30172 30213 30287 30311 30328 30396 30405 30453 30469 30517 30566 30611 30634 30640 30661 30731 30740 30750 30782 30802 30810 30871 30894 
c 20546 1.9316304519382448
19 64 121 202 317 326 385 474 540 674 810 884 950 1046 1101 1332 1358 1402 1523 1666 1760 1810 1875 1937 1985 2036 2097 2177 2241 2315 2389 2444 2495 2535 2631 2708 2809 2834 2860 3028 3133 3165 3239 3242 3284 3324 3345 3411 3475 3569 3679 3720 3758 3881 3921 4054 4081 4212 4390 4474 4758 4807 4896 5301 5409 5481 5701 5749 5798 5821 5891 5913 5926 5953 5980 6036 6056 6088 6125 6173 6214 6240 6266 6337 6367 6425 6485 6502 6588 6653 6712 6769 6792 6809 6939 7001 7014 7075 7119 7151 7171 7206 7289 7381 7407 7461 7484 7560 7590 7604 7674 7721 7749 7776 7815 7844 7891 7946 7980 8038 8194 8227 8251 8308 8371 8415 8437 8546 8588 8603 8628 8761 8804 8904 8956 9111 9167 9330 9373 9461 9592 9644 9737 9753 9856 9979 9983 10064 10204 10223 10241 10297 10407 10435 10475 10478 10533 10591 10627 10750 10799 10873 10969 11121 11223 11282 11369 11389 11463 11489 11525 11676 11801 11833 11980 12117 12187 12307 12346 12415 12447 12490 12541 12605 12650 12659 12707 12724 12788 12819 12840 12880 12903 12954 12967 12988 13071 13095 13184 13203 13220 13396 13414 13472 13504 13640 13665 13764 13809 13830 13863 13893 14005 14054 14109 14146 14164 14216 14316 14344 14426 14458 14470 14513 14542 14604 14629 14690 14737 14787 14830 14856 14907 14927 15004 15025 15085 15136 15190 15249 15276 15309 15326 15357 15419 15451 15463 15530 15603 15625 15638 15719 15771 15801 15853 15895 15935 15939 15999 16042 16049 16116 16174 16208 16229 16274 16299 16333 16361 16381 16407 16438 16471 16507 16575 16634 16648 16683 16703 16768 16827 16911 16952 16959 16989 17067 17093 17132 17187 17239 17264 17360 17377 17461 17493 17561 17614 17655 17715 17796 17832 17879 17912 17970 18002 18010 18051 18090 18112 18176 18219 18248 18285 18345 18450 18482 18536 18611 18668 18683 18716 18778 18812 18871 18953 19021 19079 19107 19174 19184 19245 19271 19311 19325 19362 19417 19447 19486 19599 19614 19635 19672 19720 19741 19817 19926 19954 19992 20007 20121 20165 20234 20262 20333 20385 20439 20450 20509 20531 20585 20613 20733 20779 20902 20937 20961 21005 21018 21055 21085 21100 21160 21184 21205 21265 21308 21469 21532 21574 21689 21730 21801 21846 21899 21974 22003 22078 22169 22221 22313 22341 22389 22420 22471 22529 22595 22614 22673 22737 22783 22837 22874 22940 22986 23026 23092 23132 23150 23256 23292 23316 23376 23406 23425 23475 23491 23515 23545 23600 23687 23711 23725 23803 23834 23875 23892 23935 23983 24064 24244 24299 24330 24364 24405 24472 24491 24539 24598 24628 24693 24706 24744 24784 24819 24856 24882 24925 24977 25003 25029 25055 25110 25166 25184 25212 25249 25317 25364 25385 25420 25501 25559 25568 25605 25678 25692 25714 25762 25843 25872 25900 25936 26001 26055 26072 26105 26173 26213 26264 26331 26345 26394 26436 26466 26506 26510 26565 26599 26647 26690 26730 26776 26800 26817 26858 26912 26935 26990 27064 27076 27091 27174 27182 27225 27256 27295 27338 27352 27403 27465 27523 27587 27700 27794 27834 27884 27898 27955 27963 28022 28075 28133 28186 28221 28256 28279 28303 28390 28470 28496 28516 28563 28607 28624 28694 28731 28777 28808 28830 28886 28957 29001 29043 29095 29195 29277 29316 29357 29406 29459 29474 29584 29643 29705 29732 29806 29857 29905 29941 29992 30083 30137 30144 30201 30217 30284 30304 30371 30398 30435 30471 30578 30612 30660 30705 30768 30834 30863 30884 
c 20549 1.9431063280892447
14 80 132 168 213 236 310 332 413 437 502 551 601 614 654 692 719 767 820 879 921 939 979 1015 1024 1075 1114 1183 1233 1262 1288 1317 1360 1446 1458 1551 1570 1620 1648 1686 1713 1720 1751 1813 1857 1896 1923 1944 1965 1972 2025 2106 2187 2210 2269 2307 2355 2376 2448 2469 2509 2531 2573 2645 2673 2745 2793 2829 2890 2924 2976 2993 3043 3077 3169 3186 3267 3279 3320 3356 3396 3426 3459 3523 3626 3635 3718 3799 3837 3894 3911 3989 4010 4062 4108 4165 4235 4298 4372 4432 4481 4498 4567 4585 4641 4668 4735 4779 4850 4939 4979 4997 5032 5095 5105 5124 5162 5200 5228 5259 5265 5322 5342 5354 5377 5404 5456 5523 5543 5597 5613 5663 5684 5751 5777 5820 5868 5939 5969 6004 6153 6183 6245 6256 6294 6369 6415 6443 6481 6515 6539 6565 6580 6608 6647 6704 6734 6766 6801 6824 6842 6879 6935 6996 7027 7103 7112 7137 7172 7215 7247 7249 7266 7291 7319 7348 7371 7382 7453 7488 7513 7539 7558 7672 7695 7707 7747 7788 7861 7950 7958 7973 8104 8118 8133 8155 8200 8209 8262 8345 8354 8423 8462 8547 8599 8616 8652 8672 8708 8763 8794 8824 8877 8910 8941 9004 9020 9047 9062 9073 9127 9151 9177 9210 9237 9320 9382 9403 9416 9450 9550 9585 9621 9629 9654 9672 9713 9731 9772 9811 9891 9901 9927 9933 9998 10029 10078 10101 10119 10134 10155 10176 10203 10260 10305 10340 10356 10385 10444 10467 10503 10553 10576 10633 10660 10739 10743 10791 10822 10832 10910 10948 11000 11062 11086 11141 11153 11195 11209 11240 11260 11323 11363 11399 11406 11467 11487 11507 11521 11578 11631 11658 11690 11732 11761 11781 11838 11887 11908 12018 12109 12141 12211 12240 12369 12407 12438 12580 12606 12644 12675 12700 12740 12786 12864 12960 13039 13052 13098 13167 13214 13279 13344 13397 13436 13476 13514 13580 13597 13702 13817 13856 13860 13877 13923 13990 14022 14037 14129 14185 14235 14248 14265 14279 14298 14340 14388 14392 14420 14449 14482 14503 14514 14554 14592 14644 14684 14791 14900 14946 14951 14971 15098 15119 15246 15285 15346 15367 15409 15432 15501 15588 15593 15650 15697 15776 15789 15854 15870 15969 15984 16503 16538 16609 16679 16717 16806 16920 16927 17026 17134 17174 17221 17315 17351 17415 17459 17525 17543 17637 17675 17723 17797 17853 17927 17965 17999 18017 18055 18155 18204 18218 18238 18323 18355 18442 18468 18507 18533 18561 18669 18707 18733 18752 18794 18838 18882 18986 19014 19084 19128 19163 19206 19247 19295 19342 19365 19386 19465 19553 19593 19621 19648 19696 19703 19788 19802 19929 19972 20000 20095 20168 20293 20338 20344 20403 20434 20457 20506 20527 20569 20604 20630 20668 20713 20750 20758 20791 20840 20865 20901 20927 20971 21003 21036 21064 21203 21253 21307 21380 21473 21540 21545 21675 21732 21780 21836 21959 22019 22031 22123 22189 22197 22225 22283 22325 22574 22713 22777 22855 22921 23073 23117 23175 23319 23399 23460 23526 23536 23660 23723 23799 23830 23886 23971 23976 24110 24155 24198 24227 24369 24400 24677 24686 24690 24711 24731 24858 25024 25039 25062 25112 25143 25202 25376 25493 25521 25743 25804 25867 25920 25975 26039 26158 26249 26286 26292 26304 26353 26419 26456 26715 26741 26762 26835 26978 27069 27122 27145 27185 27272 27292 27378 27422 27448 27462 27533 27590 27615 27616 27645 27676 27740 27775 27817 27916 27974 28034 28043 28085 28203 28228 28295 28358 28431 28436 28484 28618 28643 28677 28766 28780 28854 28994 29091 29116 29155 29218 29235 29313 29527 29563 29587 29675 29679 29711 29721 29751 29771 29808 29971 30133 30142 30170 30242 30282 30465 30558 30669 30699 30757 30843 30890 
c 20550 1.606351761495953
4835 5860 6228 6380 6697 8441 9294 10069 12031 12455 12523 12634 12834 15515 18711 18847 18990 19114 19387 19544 19654 20051 21908 22037 22369 22430 22456 22571 22606 22693 22758 22838 22879 22922 22996 23055 23112 23147 23206 23315 23366 23392 23451 23572 23699 23761 23781 23805 23887 23931 
c 8265 2.194620174115313
3781 
